1910   82.9   98.5   26.8   63.5   64.2   64.6   79.8  100.8   15.7   86.7  109.9  124.6     ---  154.5  245.1  212.2   917.8
1911   38.4   57.6   55.8   44.0   36.6   73.0   13.2   50.3   56.2   83.2  104.0  160.1   220.7  136.4  136.6  243.5   772.7
1912   99.8   57.3  108.6    7.8   55.8  116.2   90.7  170.5   49.5   90.5   69.1  102.0   317.2  172.1  377.4  209.2  1017.7
1913  110.5   32.1   98.1   89.4   61.9   34.6   32.5   39.4   59.3   95.6   82.8   49.2   244.5  249.4  106.5  237.7   785.4
1914   43.0   76.7  105.3   30.5   42.7   55.3   89.4   55.7   43.6   61.6  102.9  179.0   169.0  178.4  200.4  208.1   885.6
1915   97.1  116.6   34.6   33.3   61.2   30.4  119.9   73.1   39.4   66.4   67.3  168.4   392.7  129.1  223.4  173.1   907.7
1916   49.4  121.2   99.3   42.1   64.4   61.4   50.2   88.3   48.5  122.5  106.7   88.2   339.0  205.7  199.8  277.7   942.0
1917   58.3   27.7   62.4   52.1   56.3   63.8   62.2  156.8   50.2  118.1   52.9   40.7   174.1  170.8  282.8  221.2   801.5
1918   82.9   56.2   33.5   55.9   53.3   28.1  105.5   58.1  169.3   62.6   60.8  105.6   179.8  142.7  191.7  292.7   871.8
1919  110.9   68.0  108.7   59.5   25.2   31.7   60.5   74.9   47.6   62.7   68.4  129.6   284.5  193.4  167.1  178.7   847.7
1920   98.8   40.5   75.3  107.1   67.6   55.9  123.0   43.0   60.1   59.8   39.9   83.6   268.9  250.0  221.9  159.7   854.5
1921   96.6    8.5   51.7   31.2   45.3   10.3   24.9   87.2   34.9   46.4   59.7   70.4   188.7  128.1  122.3  141.0   567.0
1922   99.4   82.1   62.0   74.6   31.3   37.7  113.0   94.0   74.4   31.8   43.7  108.3   251.9  167.8  244.7  149.9   852.2
1923   54.3  134.8   47.1   63.1   62.6   18.5   71.2   87.2   75.2  122.3   81.9   89.6   297.3  172.8  176.9  279.4   907.7
1924   82.2   24.3   32.9   67.8  117.6   58.9  101.5   85.4   98.6  119.3   68.3  108.4   196.1  218.3  245.8  286.2   965.1
1925   71.2  107.2   29.5   67.5   94.2    4.3   67.0   78.2   90.4   94.6   66.6   88.5   286.7  191.3  149.5  251.5   859.1
1926   99.4   70.6   22.1   64.8   63.9   74.4   64.5   61.5   49.9   80.9  147.5   21.7   258.5  150.9  200.4  278.3   821.2
1927   79.3   71.1   77.9   55.0   33.1   91.7   90.5  120.8  136.6   66.4   91.0   76.5   172.0  166.1  303.1  293.9   989.9
1928  141.8   67.4   71.3   37.6   38.0   88.9   52.2   85.7   29.8  129.6  102.3   76.1   285.8  146.9  226.7  261.7   920.7
1929   44.7   25.9    7.8   30.3   51.0   41.5   62.1   67.1   23.7  112.1  174.5  165.5   146.7   89.1  170.7  310.2   806.1
1930  115.1   24.7   59.1   67.1   56.0   34.9  104.7  101.8  101.4   81.4  116.1   85.0   305.2  182.2  241.3  298.9   947.2
1931   69.5   71.6   19.7   86.9   80.4   90.2  105.8  111.3   69.5   31.3  116.9   40.0   226.1  187.0  307.3  217.6   893.1
1932   75.7    9.2   54.9   76.2  119.7   31.4   93.7   46.5   85.8  141.4   53.3   43.0   124.9  250.8  171.5  280.6   830.7
1933   59.9   89.3   69.6   34.2   52.7   53.3   55.8   29.2   54.8   91.7   45.4   21.5   192.2  156.5  138.4  191.9   657.5
1934   70.5   11.1   66.3   69.1   37.9   41.7   43.0   72.7   62.2   73.2   55.6  160.2   103.1  173.3  157.5  191.0   763.6
1935   41.3   90.5   23.0   91.0   30.6   87.6   22.4   57.4  123.1  119.7  135.0   87.5   292.0  144.7  167.3  377.9   909.3
1936  112.4   70.3   54.3   46.0   26.9   89.1  126.4   31.4   85.6   58.3   93.5   80.6   270.2  127.2  246.9  237.4   874.8
1937  116.4  122.3   86.2   73.3   74.1   39.3   60.7   38.7   58.4   74.4   47.2   91.5   319.3  233.6  138.7  180.0   882.6
1938   96.2   29.1   15.6    6.7   66.5   50.4   78.8   79.7   57.6  116.9  108.0  103.1   216.8   88.7  208.9  282.4   808.5
1939  142.7   48.7   53.8   60.2   31.3   60.1  115.9   69.2   32.0  114.5  137.1   53.2   294.6  145.3  245.3  283.6   918.8
1940   63.9   65.5   71.9   54.5   37.5   20.0  106.7   16.1   47.4   96.7  168.4   67.8   182.7  164.0  142.9  312.4   816.6
1941   80.1   91.1   83.9   38.8   56.1   32.9   69.7  110.4   17.7   74.5   76.6   44.8   238.9  178.7  213.1  168.8   776.6
1942   92.5   29.1   57.6   37.2   90.7   19.0   68.5   79.6   60.6   89.7   41.9   90.4   166.4  185.5  167.1  192.2   756.8
1943  136.3   40.5   23.2   34.5   75.7   55.0   50.3   77.4   78.0   76.4   60.9   47.5   267.3  133.4  182.7  215.4   755.7
1944   72.8   38.5   10.6   53.7   35.4   60.7   68.3   72.6  100.1  104.1  140.3   65.2   158.8   99.7  201.6  344.6   822.5
1945   74.5   68.5   30.2   38.5   75.6   74.1   61.2   65.2   58.4   99.7   17.0   87.2   208.3  144.3  200.6  175.1   750.2
1946   74.9   76.8   35.1   44.4   68.6   77.3   74.5  127.0  115.5   35.3  145.9   87.5   238.8  148.1  278.8  296.8   962.9
1947   71.5   49.1  149.3   72.5   51.8   63.3   64.7   11.8   45.6   17.6   68.2   71.0   208.0  273.6  139.7  131.4   736.2
1948  156.9   43.1   33.2   48.4   64.0   85.6   40.8  107.3   66.9   68.1   49.6   97.9   271.1  145.6  233.6  184.6   861.7
1949   38.1   38.3   37.1   59.6   59.0   18.5   53.7   49.3   45.7  141.1  100.9   75.3   174.3  155.7  121.5  287.7   716.6
1950   35.6  126.4   35.7   66.5   51.1   44.1   94.3  109.6  114.7   37.9  137.2   62.5   237.3  153.4  248.0  289.8   915.7
1951   83.3  104.4  102.2   66.3   77.5   31.5   47.8  120.0   73.7   30.1  167.8   89.3   250.1  246.0  199.3  271.6   993.8
1952   74.3   22.0   68.7   53.6   60.0   49.8   31.6   95.4   84.3   97.0   86.7   79.2   185.6  182.4  176.7  268.1   802.7
1953   29.2   46.1   21.8   68.1   55.6   63.0   89.4   77.6   74.1   66.4   61.6   32.0   154.5  145.4  230.0  202.1   684.9
1954   55.5   73.1   69.0   13.3   73.6   81.5   82.0  116.2   84.2  108.3  151.7   83.8   160.6  155.9  279.8  344.2   992.3
1955   76.4   57.9   49.2   27.8   94.9   74.5   27.6   26.5   47.3   68.4   56.0   96.1   218.2  171.9  128.7  171.8   702.8
1956  109.6   25.5   28.2   37.9   21.7   67.4   95.2  145.7   81.6   52.6   29.2   96.4   231.2   87.9  308.3  163.3   791.0
1957   64.7   86.9   59.7    9.4   43.0   48.0   98.6   96.8  110.4   66.1   57.6   73.5   248.0  112.1  243.4  234.2   814.9
1958   82.2  105.3   44.6   27.9   76.2  105.7   89.2   92.1  104.2   75.3   48.8   96.3   261.0  148.7  286.9  228.2   947.6
1959   91.1    9.4   62.4   72.7   24.7   42.0   60.5   34.2    7.9   76.2  109.0  150.5   196.7  159.8  136.8  193.1   740.6
1960  115.7   72.0   46.4   40.1   40.7   47.3  107.5  101.7  103.2  164.5  130.1  101.7   338.2  127.2  256.6  397.7  1070.9
1961  104.5   63.7   13.6   87.1   34.5   35.9   63.7   73.5   69.5  102.3   54.0   89.9   269.8  135.1  173.0  225.8   792.0
1962   98.6   32.6   39.2   61.9   60.1   15.2   55.3  101.9   90.6   34.1   64.4   65.3   221.2  161.2  172.5  189.1   719.4
1963   28.2   30.0   91.2   71.5   46.9   75.5   51.5   96.2   65.0   55.4  141.5   27.1   123.6  209.6  223.2  261.9   779.9
1964   25.4   29.0   87.6   61.4   54.2   73.0   45.6   47.3   31.5   53.8   51.5   85.1    81.4  203.2  165.9  136.8   645.3
1965   88.5   16.1   65.8   56.7   56.3   63.7   94.1   68.1  126.6   28.8  100.0  142.2   189.7  178.8  225.9  255.3   906.7
1966   51.2  113.7   32.2   94.8   64.4   77.2   71.5   99.3   47.0  114.0   73.6   97.5   307.1  191.3  248.0  234.6   936.1
1967   55.6   81.2   51.3   43.4  126.5   38.6   55.4   71.3   87.6  151.8   67.8   66.1   234.3  221.2  165.3  307.2   896.6
1968   69.3   43.6   52.5   60.7   68.6   78.9   95.5   63.9  137.9   84.4   63.5   73.0   179.1  181.7  238.3  285.8   891.7
1969   84.9   62.6   69.3   52.4  103.5   51.9   65.5   66.9   38.8   15.9  121.6   78.3   220.5  225.1  184.3  176.4   811.6
1970   99.3   74.6   55.6   77.8   22.8   39.2   66.2   73.6   61.3   50.5  154.0   47.4   252.2  156.3  179.0  265.8   822.4
1971   96.7   31.1   61.1   48.5   45.2   91.9   40.5  101.5   22.3   65.6   82.6   34.7   175.2  154.8  233.9  170.5   721.8
1972   93.8   67.7   70.6   60.8   67.1   68.9   51.6   32.5   38.3   30.1   92.0   95.5   196.2  198.5  153.0  160.4   768.8
1973   41.3   36.3   20.9   62.0   73.0   59.9   83.6   56.6   70.2   49.1   44.4   60.6   173.1  155.9  200.0  163.7   657.8
1974  108.4   94.0   42.1   13.1   35.7   60.7   67.5   87.7  129.3   85.2  115.1   68.3   263.1   90.9  215.9  329.6   907.1
1975  107.9   27.3   74.6   62.2   43.4   19.5   59.7   48.2   96.9   30.7   65.2   43.8   203.4  180.2  127.4  192.7   679.3
1976   54.4   36.9   41.4   18.8   57.6   17.2   29.0   26.5  139.6  139.2   76.1   84.6   135.1  117.8   72.7  355.0   721.4
1977   90.4  121.5   67.4   46.2   47.8   79.4   23.0   92.3   35.4   57.6   89.7   84.9   296.5  161.4  194.7  182.7   835.7
1978  102.4   73.6   74.7   45.2   41.7   58.4   78.4   61.2   51.1   16.2   49.9  154.2   260.9  161.6  198.0  117.1   806.9
1979   74.3   57.6  115.3   61.2  108.2   36.7   32.3   84.2   35.9   67.4   77.7  142.4   286.1  284.7  153.2  181.0   893.1
1980   69.8   80.9   91.0   16.7   27.2  115.2   62.9   83.3   60.0  118.9   78.6   68.9   293.2  134.9  261.4  257.4   873.3
1981   53.8   48.2  136.7   57.4   83.3   43.7   51.9   41.8  126.7  108.0   62.3   85.3   170.9  277.4  137.5  296.9   899.2
1982   66.1   40.9   90.5   20.3   41.9  115.6   33.2   77.6   67.6  109.8  110.9   91.6   192.2  152.8  226.5  288.4   866.1
1983   87.1   36.5   59.1  100.2  105.9   32.2   35.4   26.3   86.9   72.5   46.3  101.1   215.2  265.2   93.8  205.7   789.4
1984  130.6   50.8   60.0   10.2   59.5   42.4   25.1   54.0  105.4   85.4  131.1   68.9   282.4  129.7  121.4  321.9   823.3
1985   68.3   24.7   60.3   61.8   63.3   86.7   66.6  101.7   41.5   39.6   69.4  113.3   161.9  185.4  255.0  150.6   797.2
1986  108.7   17.9   70.3   78.8   79.9   39.6   48.7  109.8   25.0   86.4  104.3  122.4   239.9  228.9  198.1  215.8   891.8
1987   28.1   51.0   80.5   59.6   44.9  101.1   71.6   66.3   57.6  150.9   71.2   51.6   201.5  185.0  239.0  279.7   834.5
1988  139.0   57.6   90.4   37.6   52.6   37.4  120.3   73.6   53.9   82.6   44.0   39.9   248.2  180.5  231.3  180.6   828.8
1989   38.7   76.3   77.6   79.3   19.3   52.6   35.8   51.4   37.3   83.1   52.1  122.5   154.9  176.2  139.8  172.5   726.0
1990  112.9  127.9   20.1   36.2   22.4   65.9   30.8   42.6   46.6   91.8   57.9   88.5   363.3   78.7  139.3  196.3   743.6
1991   81.5   58.1   65.6   59.8   13.6   89.4   62.8   25.9   58.1   63.2   84.4   44.9   228.2  139.0  178.1  205.7   707.3
1992   43.6   40.3   75.1   68.2   44.3   35.2   79.7  112.4   86.7   79.4  123.3   71.8   128.7  187.6  227.3  289.4   859.9
1993   96.5   13.7   23.5   88.1   78.7   58.6   75.1   49.2  109.2   88.9   65.4  142.8   182.0  190.3  182.9  263.5   889.7
1994  109.0   71.8   77.4   64.4   59.2   31.6   41.9   66.1   98.0   87.7   75.7  118.6   323.6  200.9  139.6  261.4   901.3
1995  142.7   99.0   61.5   24.5   43.2   21.5   33.6    9.6  108.0   46.6   72.8   78.7   360.3  129.2   64.7  227.5   741.7
1996   56.3   74.1   37.6   43.4   47.7   26.4   39.4   74.8   29.4   72.9  116.8   51.4   209.1  128.7  140.6  219.1   670.3
1997   14.2  100.2   27.3   22.2   66.9  121.2   46.0   85.2   29.0   62.3  101.4   97.3   165.8  116.4  252.4  192.8   773.3
1998  102.5   19.2   82.9  116.5   32.8  114.9   54.0   45.4   85.7  143.7   75.4   81.5   219.1  232.2  214.2  304.7   954.3
1999  116.5   43.3   66.6   68.0   54.0   82.1   23.7   98.3  106.5   73.6   54.9  135.4   241.4  188.6  204.0  235.0   922.9
2000   45.7   83.7   33.7  130.2   82.3   41.5   58.8   60.5  114.9  164.8  157.8  119.5   264.8  246.1  160.8  437.5  1093.3
2001   70.1   90.8   87.5   91.3   39.8   41.1   67.9   78.8   78.8  119.6   57.7   39.4   280.4  218.7  187.8  256.2   862.8
2002   81.6  120.6   46.6   46.4   84.9   54.4   84.8   66.1   34.7  122.9  142.2  121.6   241.6  177.9  205.3  299.7  1006.6
2003   81.6   34.8   32.7   40.1   66.1   66.6   67.8   16.5   33.1   52.0   93.9   90.7   238.0  138.9  150.9  178.9   675.8
2004  113.1   49.0   48.1   78.0   42.6   56.0   66.8  147.7   53.2  131.3   46.5   59.1   252.8  168.7  270.5  231.0   891.5
2005   58.6   45.9   48.4   68.1   45.2   53.7   63.2   58.0   63.1  106.4   74.9   61.6   163.5  161.7  174.8  244.4   747.0
2006   30.0   52.6   81.0   42.5  100.9   24.1   41.8   88.4   73.6  106.5   96.1  109.4   144.2  224.3  154.2  276.2   846.7
2007   95.8   93.8   56.1   10.7  107.1  146.0  125.1   54.3   44.1   45.0   70.0   86.4   299.0  173.9  325.5  159.2   934.5
2008  129.1   37.7   91.8   64.4   62.1   59.1  100.5  106.0   96.3   94.9   81.8   58.4   253.2  218.3  265.6  273.0   982.1
2009   82.3   52.7   41.0   39.7   54.2   55.1  128.6   59.4   30.0   67.8  170.8   93.4   193.4  134.9  243.1  268.6   875.0
2010   67.5   73.8   58.7   24.5   29.5   36.6   61.1   97.3   78.6   73.2   91.4   35.1   234.6  112.7  194.9  243.2   727.2
2011   78.7   77.9   19.3   11.6   48.3   70.1   59.4   78.1   54.5   62.8   48.6  103.9   191.7   79.2  207.5  165.9   713.1
2012   63.9   30.0   26.5  136.5   54.0  147.9  113.7   89.2   88.8  107.4  119.2  148.9   197.8  217.0  350.9  315.4  1126.1
2013   79.2   42.0   65.7   31.4   71.2   35.7   55.1   58.9   53.1  136.9   66.7  117.9   270.2  168.3  149.7  256.7   813.9
2014  159.9  123.6   49.1   53.0   95.7   46.3   51.9  107.5   15.3  103.0  104.6   74.7   401.4  197.8  205.7  222.9   984.5
2015   91.5   52.6   48.5   25.8   79.7   35.4   79.5   92.4   51.2   60.5  117.7  134.0   218.8  154.0  207.3  229.3   868.7
2016  124.7   72.5   77.5   62.7   50.8   94.6   39.7   64.1   62.8   36.7   99.1   35.5   331.1  191.0  198.4  198.6   820.6
2017   63.9   62.0   70.4   19.0   57.9   84.5   96.0   74.8   94.6   53.7   69.0          161.4  147.2  255.2  217.2
