1910    6.0    7.6    9.8   11.0   15.4   18.9   17.9   19.0   16.5   13.7    6.5    8.3     ---  12.10  18.60  12.25   12.59
1911    5.8    7.3    7.8   11.1   17.6   19.1   23.8   23.3   19.3   12.9    8.6    8.3    7.15  12.17  22.10  13.58   13.79
1912    5.8    7.8   10.1   13.6   16.2   17.8   19.8   16.4   14.7   12.5    8.6    9.2    7.31  13.31  18.01  11.94   12.73
1913    6.5    7.6    9.4   11.3   15.9   18.6   18.5   19.9   17.9   14.2   11.1    7.0    7.76  12.19  19.02  14.41   13.19
1914    5.5    9.5    9.2   14.7   15.1   19.3   20.1   20.7   18.2   13.7    9.6    7.1    7.29  12.96  20.04  13.84   13.57
1915    5.9    6.9    8.5   11.9   15.5   19.2   18.6   19.4   17.8   12.5    6.4    7.8    6.63  11.95  19.10  12.25   12.58
1916    9.7    6.2    5.9   12.6   16.0   15.4   19.4   20.8   16.8   13.7    9.3    4.7    7.92  11.47  18.58  13.27   12.56
1917    2.9    3.8    6.4    9.2   17.5   19.9   20.5   18.7   17.9   11.4   10.4    4.8    3.83  11.05  19.71  13.22   12.00
1918    6.2    8.6    9.6   10.2   17.6   18.1   20.0   20.3   15.5   12.3    8.7    9.1    6.45  12.47  19.48  12.15   13.05
1919    5.0    4.3    6.6   11.0   18.0   18.8   17.9   20.6   17.3   11.7    5.7    7.8    6.22  11.88  19.12  11.57   12.12
1920    7.7    8.9   10.8   11.1   16.0   18.7   17.7   17.5   17.1   14.2    9.7    6.5    8.12  12.66  17.94  13.68   13.01
1921    9.3    7.6   10.7   12.9   16.4   19.6   23.7   19.5   19.1   17.3    7.5    9.0    7.83  13.34  20.94  14.65   14.44
1922    6.1    7.2    7.5    9.5   17.8   18.5   17.4   17.2   15.8   11.9    8.8    7.7    7.44  11.63  17.71  12.16   12.15
1923    8.0    7.6    9.6   11.0   13.2   16.2   21.7   19.6   16.7   12.8    6.3    6.1    7.76  11.28  19.20  11.93   12.43
1924    6.6    5.4    8.2   11.1   15.2   17.9   19.5   17.9   16.5   13.2    9.4    8.7    6.06  11.51  18.47  13.06   12.51
1925    7.6    7.7    8.0   11.2   15.5   19.9   21.4   19.5   15.3   14.0    6.7    5.3    8.01  11.57  20.28  12.02   12.71
1926    6.8    9.0    9.5   13.0   14.0   17.7   20.8   20.7   18.5   11.7    8.8    6.5    6.95  12.18  19.75  13.01   13.11
1927    6.9    7.0   10.3   11.7   15.6   16.5   19.1   19.4   15.8   13.9    8.7    3.7    6.79  12.54  18.36  12.83   12.43
1928    7.9    8.8    9.0   11.9   14.8   17.0   21.1   19.5   17.6   13.6   10.5    6.2    6.78  11.91  19.24  13.89   13.18
1929    3.5    2.8   11.8   10.6   15.8   17.6   20.8   19.6   20.8   13.1    9.7    8.0    4.21  12.74  19.37  14.52   12.91
1930    8.1    4.9    8.6   11.3   14.6   19.8   18.9   20.0   17.0   13.7    9.4    6.6    7.07  11.49  19.58  13.35   12.78
1931    5.8    6.3    7.7   10.9   15.1   18.1   18.9   18.0   15.2   12.9   10.2    7.6    6.23  11.24  18.32  12.79   12.26
1932    8.7    5.9    8.4   10.2   13.6   18.5   19.7   21.4   17.0   12.1    9.0    7.7    7.42  10.74  19.88  12.70   12.71
1933    4.9    6.9   11.6   13.1   16.0   20.2   22.4   22.7   19.6   13.4    8.1    3.7    6.50  13.56  21.77  13.71   13.59
1934    7.1    7.2    8.4   11.5   15.9   19.6   23.3   19.8   19.0   13.5    8.5    9.7    5.93  11.97  20.90  13.67   13.67
1935    6.6    8.3    9.8   11.5   14.4   19.0   22.2   21.9   17.4   12.9    9.4    5.2    8.20  11.94  21.07  13.22   13.25
1936    6.1    5.2    9.7   10.0   15.6   18.8   18.7   20.5   17.8   13.0    8.5    7.9    5.49  11.80  19.32  13.11   12.67
1937    7.5    7.9    6.5   12.1   16.1   18.4   19.8   21.5   17.6   13.8    8.3    5.2    7.74  11.56  19.92  13.22   12.91
1938    8.1    7.4   13.3   12.1   14.7   18.6   19.0   20.0   17.6   13.6   11.7    6.4    6.87  13.41  19.22  14.29   13.58
1939    6.4    8.3    8.7   12.6   15.6   18.7   19.0   20.5   18.0   11.7   11.0    5.4    7.01  12.29  19.43  13.56   13.02
1940    1.8    4.6    9.5   12.2   17.4   21.8   19.2   20.1   17.5   12.9    9.6    6.3    3.94  13.06  20.37  13.33   12.77
1941    2.5    6.0    8.5    9.9   13.2   19.5   22.2   18.5   18.3   13.7    9.2    8.0    4.88  10.54  20.08  13.74   12.49
1942    3.3    2.6    8.2   13.2   15.4   19.4   19.5   20.3   17.7   13.9    8.1    8.7    4.71  12.26  19.77  13.25   12.60
1943    7.1    8.8   10.8   14.9   16.8   18.6   20.9   19.9   17.2   14.3    8.9    6.1    8.20  14.14  19.78  13.48   13.71
1944    8.5    5.9    9.0   14.0   16.2   17.4   19.8   21.5   16.4   12.2    9.0    6.0    6.85  13.07  19.60  12.55   13.02
1945    3.0    9.9   11.9   14.5   16.5   18.5   20.8   19.9   17.6   15.3    9.7    7.4    6.17  14.30  19.73  14.23   13.77
1946    5.6    8.4    8.8   14.5   14.6   16.9   20.4   18.4   17.1   12.7   10.4    5.7    7.08  12.62  18.61  13.37   12.80
1947    4.3    0.1    6.4   12.2   17.6   19.7   20.9   24.1   19.4   14.8   10.0    7.4    3.48  12.07  21.56  14.74   13.15
1948    7.7    7.1   12.6   13.4   16.2   17.3   19.5   18.6   17.4   13.5   10.0    8.1    7.37  14.10  18.50  13.67   13.49
1949    7.9    9.1    8.3   14.1   15.5   19.9   22.2   21.5   20.4   15.2    9.2    8.2    8.32  12.62  21.21  14.94   14.31
1950    6.4    8.4   11.2   11.3   14.9   20.8   19.9   19.7   16.3   12.9    8.4    3.3    7.61  12.48  20.13  12.54   12.81
1951    6.1    6.1    7.1   10.7   13.5   18.1   20.7   18.6   17.7   13.4   10.8    8.1    5.13  10.42  19.16  13.96   12.62
1952    5.3    6.2    9.3   13.8   17.4   18.7   20.8   20.0   14.7   12.2    6.7    5.6    6.55  13.49  19.86  11.19   12.58
1953    5.5    6.9   10.3   11.3   16.9   17.8   19.3   20.4   17.7   13.4   10.7    9.0    5.96  12.82  19.16  13.95   13.30
1954    5.2    5.0    8.8   11.8   15.1   16.8   17.5   18.0   16.5   14.8    9.9    8.8    6.43  11.92  17.45  13.75   12.40
1955    4.8    3.8    6.7   13.4   13.5   17.5   22.3   22.5   18.4   13.1    9.8    8.5    5.88  11.15  20.81  13.76   12.91
1956    6.1    2.5    9.6   10.8   16.8   16.8   19.2   17.1   17.6   12.9    8.6    7.8    5.75  12.39  17.71  13.03   12.18
1957    7.9    8.0   12.2   12.6   14.6   20.4   19.9   18.9   15.8   14.2    8.6    7.0    7.92  13.12  19.77  12.85   13.38
1958    6.0    7.6    6.6   11.1   15.1   17.4   19.6   19.5   18.4   13.7    8.9    7.1    6.87  10.93  18.82  13.69   12.61
1959    4.5    7.0   10.3   13.1   17.0   19.6   22.0   21.9   20.3   16.5    9.8    8.3    6.16  13.47  21.20  15.53   14.23
1960    6.2    6.6    8.6   12.9   16.9   20.5   18.8   18.9   16.7   12.9    9.9    6.2    7.05  12.80  19.37  13.15   12.94
1961    5.9    9.3   12.3   13.2   15.0   19.2   19.2   19.5   19.0   14.1    8.8    5.2    7.04  13.51  19.28  14.00   13.40
1962    7.0    7.0    6.2   11.1   13.6   18.2   18.3   18.1   16.2   14.0    8.0    4.8    6.36  10.32  18.20  12.73   11.90
1963    0.4    1.6    8.9   11.7   14.4   18.5   19.1   17.7   16.8   13.8   10.5    5.0    2.32  11.63  18.46  13.69   11.58
1964    5.4    6.7    6.3   11.9   17.3   17.4   20.1   19.9   18.8   12.5   10.1    6.2    5.69  11.82  19.17  13.79   12.73
1965    5.7    5.4    8.8   11.9   15.2   18.2   17.4   19.0   15.8   14.5    7.3    7.1    5.78  11.98  18.19  12.53   12.23
1966    4.6    7.6    9.8   10.1   15.3   19.3   18.7   18.7   17.8   13.3    8.0    7.9    6.40  11.74  18.89  13.02   12.61
1967    6.4    8.0   10.1   11.2   13.9   18.5   21.0   19.6   17.0   13.6    8.4    6.6    7.43  11.76  19.73  12.97   12.89
1968    6.6    4.4    9.7   12.2   13.6   18.8   18.5   18.9   17.2   15.0    8.5    5.0    5.91  11.83  18.76  13.58   12.40
1969    7.6    3.3    6.0   11.6   14.7   18.4   21.3   19.9   17.5   16.2    8.2    5.5    5.37  10.77  19.87  13.98   12.57
1970    5.9    5.8    6.9   10.0   17.0   20.9   19.0   20.0   18.3   14.1   10.3    6.4    5.75  11.31  19.95  14.22   12.92
1971    6.7    7.5    8.0   11.0   16.0   15.9   21.5   19.3   18.8   15.2    9.2    8.5    6.84  11.68  18.95  14.42   13.18
1972    5.8    6.5   10.2   11.5   14.1   15.5   19.5   19.3   15.6   13.9    9.1    8.0    6.93  11.97  18.11  12.88   12.45
1973    6.5    7.2   10.3   10.7   15.1   19.5   19.6   20.9   18.2   12.5    9.0    7.6    7.27  12.04  19.98  13.24   13.13
1974    8.4    8.0    8.7   11.9   15.1   17.7   18.7   19.4   15.5   10.3    9.2    9.9    8.02  11.88  18.60  11.64   12.75
1975    9.0    7.3    7.4   11.7   13.6   19.6   21.5   23.3   17.3   13.3    9.1    7.3    8.78  10.85  21.50  13.24   13.40
1976    7.7    6.7    7.8   11.7   15.9   22.0   23.5   22.8   16.8   13.3    8.8    4.3    7.24  11.82  22.77  12.95   13.46
1977    4.9    7.4    9.7   10.6   14.5   16.0   19.8   19.0   16.5   14.7    8.9    8.1    5.48  11.64  18.28  13.38   12.55
1978    5.5    4.7    9.9    9.4   15.5   17.6   18.3   18.6   17.6   15.1   11.1    6.3    6.13  11.63  18.15  14.62   12.51
1979    2.8    3.3    7.4   11.0   13.8   17.9   20.3   18.7   17.4   14.5    9.7    7.9    4.15  10.74  18.97  13.85   12.10
1980    4.7    8.2    7.5   12.7   15.5   17.6   18.2   19.6   18.1   12.2    8.6    8.1    6.89  11.90  18.49  12.96   12.59
1981    7.1    5.7   10.2   11.2   14.9   16.9   19.5   20.7   18.6   11.4   10.3    3.3    7.01  12.11  19.03  13.42   12.52
1982    5.5    7.4    9.5   12.8   16.2   19.0   20.5   19.7   18.5   13.0   10.1    7.0    5.35  12.84  19.74  13.86   13.30
1983    8.9    4.2    9.3   10.4   13.4   18.1   24.2   22.0   16.9   13.6    9.9    8.2    6.79  11.05  21.49  13.46   13.33
1984    6.3    6.1    7.3   12.8   13.8   18.7   21.6   22.0   16.8   14.3   10.3    7.9    6.86  11.29  20.82  13.80   13.18
1985    3.4    5.1    8.0   11.9   14.5   16.4   20.1   18.1   18.4   14.2    6.9    8.5    5.46  11.47  18.23  13.17   12.17
1986    5.9    1.1    8.3    9.1   14.8   19.0   19.9   17.3   15.9   14.4   10.7    8.6    5.29  10.77  18.70  13.64   12.14
1987    3.0    6.5    7.1   14.0   14.1   16.3   19.7   19.5   17.5   13.0    8.8    7.8    6.02  11.72  18.54  13.12   12.32
1988    7.6    7.5    9.2   11.7   15.9   18.3   18.1   19.4   16.8   13.6    8.9    9.5    7.65  12.25  18.57  13.09   13.05
1989    8.7    9.0   10.9    9.9   18.0   19.5   23.0   21.4   18.6   15.0    9.5    7.4    9.08  12.97  21.31  14.35   14.28
1990    9.1   10.1   11.8   12.7   17.7   17.3   21.8   22.9   17.3   14.8    9.3    6.8    8.81  14.08  20.72  13.80   14.33
1991    5.8    4.6   10.9   11.5   14.5   15.8   21.2   21.8   19.2   12.9    9.3    7.3    5.75  12.33  19.63  13.82   12.97
1992    6.1    8.5   10.2   12.2   18.2   20.4   20.1   19.3   16.7   10.8   10.4    6.2    7.28  13.54  19.95  12.62   13.27
1993    8.7    6.9   10.0   12.7   15.4   19.2   19.2   18.9   15.8   11.4    7.3    7.8    7.29  12.68  19.09  11.51   12.80
1994    7.6    5.9   10.5   11.7   14.1   18.7   22.7   19.9   15.9   13.5   12.1    9.1    7.11  12.10  20.49  13.83   13.53
1995    7.3    9.1    9.0   12.8   16.2   18.3   23.3   24.3   17.3   16.3   10.4    4.6    8.48  12.71  22.01  14.70   14.12
1996    5.7    5.4    6.8   12.3   13.1   19.3   21.1   20.9   17.3   14.7    8.8    5.2    5.24  10.73  20.45  13.59   12.57
1997    4.8    9.3   11.8   13.2   16.1   17.6   21.1   23.2   18.1   13.9   11.0    8.3    6.33  13.71  20.65  14.37   14.07
1998    7.6   10.4   11.0   11.2   17.3   17.7   19.2   20.4   18.1   13.4    8.7    8.3    8.73  13.18  19.10  13.40   13.63
1999    8.3    7.8   10.5   13.2   16.9   18.0   22.2   20.3   19.7   14.1   10.3    7.4    8.15  13.51  20.22  14.71   14.10
2000    7.6    9.1   10.8   11.5   16.2   18.8   19.1   21.1   18.4   13.4    9.6    7.7    8.01  12.84  19.69  13.79   13.62
2001    6.0    7.7    8.2   11.3   17.0   18.4   21.3   21.0   16.7   16.2   10.6    6.6    7.09  12.18  20.28  14.53   13.46
2002    8.3    9.8   11.1   13.7   15.6   18.3   20.0   21.1   18.5   13.4   11.0    7.4    8.19  13.47  19.85  14.28   14.05
2003    6.9    7.2   12.0   14.3   16.2   20.6   21.7   23.0   19.6   13.0   11.1    7.8    7.19  14.13  21.74  14.54   14.47
2004    7.7    7.9    9.9   13.2   16.6   19.8   20.0   21.4   18.6   13.7   10.2    8.3    7.83  13.24  20.41  14.16   13.96
2005    8.6    6.8   10.1   12.9   15.6   20.0   20.8   20.9   19.3   15.9    9.7    7.4    7.93  12.89  20.54  14.96   14.04
2006    6.5    6.3    7.9   12.4   16.2   20.8   25.2   20.1   20.7   16.1   11.5    8.8    6.76  12.15  22.05  16.09   14.42
2007    9.5    8.9   11.0   16.3   16.0   19.0   19.3   20.0   18.0   14.5   10.6    7.8    9.07  14.39  19.43  14.36   14.25
2008    9.2    9.5    9.4   12.0   17.7   18.5   20.6   19.8   17.2   13.4    9.6    6.4    8.82  13.03  19.66  13.38   13.62
2009    5.8    6.8   10.9   14.2   16.5   19.5   20.4   21.0   18.3   14.8   11.1    5.8    6.33  13.87  20.29  14.75   13.80
2010    3.8    5.5    9.8   13.8   15.4   20.3   21.6   19.6   17.7   13.8    8.0    2.7    5.00  12.97  20.48  13.19   12.69
2011    6.3    8.9   10.8   16.9   16.7   18.7   19.8   19.6   19.2   16.0   12.3    8.6    5.86  14.78  19.41  15.83   14.51
2012    8.3    7.1   12.8   11.1   16.0   17.1   19.3   20.8   17.4   12.7    9.6    7.6    8.02  13.32  19.07  13.22   13.34
2013    5.8    5.7    5.5   11.5   14.8   18.0   23.6   21.5   17.9   15.3    9.3    9.3    6.39  10.59  21.07  14.16   13.23
2014    8.3    8.9   11.8   14.1   16.2   19.7   22.7   19.4   19.4   15.6   11.1    8.1    8.81  14.04  20.63  15.39   14.65
2015    7.4    7.0   10.0   14.0   14.9   19.0   20.4   20.3   17.1   14.4   12.2   12.1    7.52  12.97  19.90  14.54   14.10
2016    8.2    8.0    9.4   11.6   16.8   18.8   21.1   21.5   19.9   14.2    8.9    9.1    9.47  12.61  20.48  14.35   13.99
2017    6.7    8.6   12.1   13.5   17.5   20.3   21.0   20.0   17.3   15.4   10.0           8.12  14.36  20.40  14.22
