1910    0.3    1.5    1.5    2.8    6.1    9.6   10.0   10.9    8.2    7.5   -0.2    3.5     ---   3.50  10.19   5.20    5.18
1911    0.7    1.2    1.7    3.2    7.2    9.1   11.5   12.6    8.4    5.6    2.7    3.1    1.85   4.03  11.08   5.59    5.62
1912    0.6    1.9    3.6    3.1    6.9    9.2   11.5    8.9    7.1    3.5    3.0    3.2    1.86   4.56   9.88   4.54    5.23
1913    1.3    1.0    2.1    3.7    6.5    8.8   10.0   10.0    9.7    7.2    4.5    2.1    1.86   4.08   9.59   7.12    5.58
1914    0.3    2.9    2.2    3.9    5.6    8.7   11.1   10.9    7.9    6.4    3.1    1.6    1.72   3.91  10.27   5.80    5.40
1915    1.1    0.5    1.0    2.7    5.3    8.2    9.9   10.6    8.2    5.1   -0.5    2.1    1.09   3.03   9.58   4.29    4.56
1916    4.1    0.4    0.2    3.1    6.4    7.1   10.1   11.3    8.6    6.9    3.2   -1.0    2.21   3.21   9.52   6.24    5.04
1917   -0.5   -2.4   -0.8    0.5    6.8    9.4   10.6   11.6    9.6    3.3    4.6   -0.9   -1.25   2.20  10.56   5.80    4.36
1918    0.3    3.0    1.4    2.6    7.1    7.4   10.3   11.1    8.1    5.5    1.9    3.7    0.75   3.69   9.61   5.15    5.21
1919    0.0   -1.3    0.0    2.5    7.1    8.6    9.2   10.6    7.9    2.8    0.1    2.0    0.88   3.20   9.49   3.61    4.17
1920    1.4    2.0    2.6    4.5    6.8    9.0   10.0    9.0    8.2    6.4    3.1    1.3    1.82   4.63   9.37   5.89    5.38
1921    4.0    1.1    2.9    2.9    5.8    8.5   11.7   10.9    8.9    8.0    1.5    3.1    2.17   3.85  10.38   6.18    5.81
1922    0.5    0.9    1.2    1.1    6.8    8.4    9.2    9.1    7.9    4.4    2.0    2.8    1.49   3.06   8.92   4.74    4.54
1923    2.0    2.6    2.7    3.3    4.9    7.9   12.5   10.3    7.6    6.0   -0.2    0.4    2.43   3.64  10.25   4.50    5.02
1924    1.6    0.1   -0.7    2.3    6.9    9.2   10.3    9.8    9.6    6.7    3.9    3.8    0.68   2.84   9.76   6.74    5.30
1925    2.1    1.7    1.2    2.9    6.8    8.8   11.5   11.0    7.1    6.4    0.5   -0.2    2.55   3.63  10.45   4.71    5.01
1926    1.2    3.7    2.6    4.4    5.4    8.4   12.0   11.3   10.1    4.1    2.7    1.3    1.48   4.13  10.60   5.61    5.60
1927    1.4    0.6    3.4    3.6    5.7    7.6   11.3   11.2    8.6    6.3    2.8   -0.2    1.10   4.23  10.06   5.90    5.22
1928    1.5    2.0    2.3    3.5    5.6    7.9   10.8   10.6    7.4    6.2    4.3    0.1    1.07   3.81   9.81   5.96    5.20
1929   -1.1   -2.9    0.2    1.7    5.6    8.0   10.4   10.4    9.9    5.5    2.9    2.6   -1.24   2.49   9.61   6.11    4.47
1930    2.2   -0.1    1.2    4.2    6.0    9.7   10.8   11.0    9.7    6.7    2.6    1.3    1.63   3.82  10.51   6.32    5.48
1931    0.2    0.6   -0.4    3.8    6.4    9.7   11.1   10.0    7.6    4.4    4.4    2.3    0.69   3.26  10.28   5.45    5.02
1932    2.7    0.0    0.3    2.6    6.1    8.4   11.6   12.4    8.8    4.8    3.7    2.7    1.70   3.00  10.82   5.76    5.36
1933   -0.8    0.7    2.3    3.9    7.0    9.5   12.2   11.9    9.8    6.5    2.8   -1.0    0.88   4.41  11.20   6.36    5.42
1934    0.7   -0.2    0.8    3.5    5.9    9.3   11.8   10.1    9.3    6.8    3.2    5.3   -0.15   3.39  10.41   6.42    5.58
1935    1.8    2.5    2.4    3.8    4.7   10.0   11.5   10.9    9.2    5.6    3.4    0.2    3.22   3.60  10.81   6.05    5.50
1936    0.9   -0.8    3.2    2.0    6.1    9.5   11.1   10.9   10.5    5.0    2.2    1.8    0.10   3.82  10.52   5.88    5.23
1937    1.9    2.3   -0.2    5.0    7.1    9.0   11.5   11.3    8.4    6.4    1.9    0.1    1.98   3.95  10.62   5.58    5.41
1938    2.5    1.7    4.0    2.2    5.5    9.4   10.3   11.1    9.2    6.3    5.7    1.2    1.46   3.93  10.28   7.06    5.79
1939    1.4    1.9    2.3    3.7    6.0    8.6   10.8   11.5    9.9    4.4    5.3    0.4    1.49   4.00  10.35   6.51    5.54
1940   -4.6   -0.5    1.7    3.9    6.6    9.9   10.0   10.2    7.5    5.7    3.4    0.8   -1.60   4.05  10.05   5.56    4.56
1941   -1.9   -0.1    0.8    2.4    4.1    9.2   11.7   10.2   10.0    6.3    3.1    2.2   -0.42   2.45  10.39   6.47    4.87
1942   -2.0   -3.0    1.0    3.9    5.6    8.3   10.5   11.7    9.1    6.7    1.7    3.6   -0.85   3.50  10.19   5.85    4.82
1943    1.8    2.1    1.8    5.5    6.2    9.2   10.6   11.2    8.4    6.4    2.7    0.7    2.52   4.51  10.36   5.88    5.59
1944    2.6    0.4    0.5    4.9    5.4    8.6   11.9   11.9    7.8    5.6    2.8    0.6    1.26   3.57  10.82   5.43    5.27
1945   -2.7    3.4    3.2    4.6    6.8    9.6   11.7   10.9   10.2    7.4    4.4    2.0    0.34   4.86  10.71   7.37    5.96
1946   -0.1    2.9    0.9    4.2    5.4    8.2   11.1   10.0    9.9    6.6    5.0   -0.3    1.53   3.50   9.82   7.16    5.33
1947   -0.9   -4.0    0.0    3.9    7.5   10.2   12.2   12.1    9.8    6.0    3.6    2.3   -1.65   3.83  11.51   6.50    5.30
1948    2.2    1.5    3.0    3.7    5.4    9.0   10.8   10.6    9.6    5.9    3.8    2.5    2.02   4.02  10.13   6.45    5.68
1949    2.0    1.3    0.9    5.2    5.4    8.8   11.5   11.3   11.6    7.7    3.2    2.6    1.95   3.82  10.55   7.50    5.99
1950    1.4    1.8    3.0    3.0    6.3   10.6   11.3   10.9    9.0    6.0    2.6   -1.4    1.95   4.14  10.90   5.89    5.40
1951    0.9    0.5    0.7    2.1    5.4    8.3   11.1   10.5   10.0    5.4    5.1    2.2   -0.02   2.75   9.96   6.82    5.21
1952   -0.4   -0.3    3.0    4.3    7.8    9.1   11.7   11.4    6.8    5.3    1.1    0.0    0.53   5.02  10.77   4.41    5.01
1953    0.6    0.9    0.4    2.7    7.4    9.4   10.9   11.1    9.3    5.7    5.2    4.3    0.49   3.52  10.49   6.74    5.70
1954    0.0   -0.8    2.0    2.3    6.5    9.2   10.1   10.3    8.3    8.4    3.3    3.6    1.25   3.64   9.88   6.70    5.32
1955   -0.3   -1.9   -1.1    4.3    4.9    8.9   11.4   12.3    9.3    4.8    3.8    2.2    0.55   2.71  10.87   5.95    4.93
1956    0.4   -3.9    1.8    1.5    5.9    8.4   11.4    9.3   10.3    5.5    2.8    3.1   -0.33   3.10   9.73   6.20    4.76
1957    2.1    1.6    5.1    3.9    5.2    8.7   12.2   11.1    8.8    6.8    3.5    1.0    2.29   4.75  10.68   6.38    5.87
1958    0.0    1.2    0.0    2.6    6.3    9.0   11.2   11.5   10.8    7.3    3.3    1.7    0.74   2.99  10.57   7.11    5.43
1959   -1.7    1.0    3.3    4.9    6.7    9.5   11.5   11.9    9.0    7.7    3.4    2.8    0.32   4.95  10.98   6.70    5.86
1960    0.9    0.6    3.0    4.1    7.4   10.1   10.6   10.3    8.9    7.0    3.8    1.1    1.44   4.84  10.33   6.57    5.66
1961    0.5    3.6    3.1    5.7    5.9    9.0   10.4   10.8   10.4    6.8    2.9   -0.8    1.69   4.92  10.08   6.70    5.71
1962    0.8    1.0   -1.6    3.2    5.7    8.0   10.2   10.2    8.5    6.2    2.2   -1.6    0.32   2.45   9.46   5.64    4.42
1963   -4.9   -3.9    1.9    4.2    5.7    9.8   10.0   10.1    8.5    7.0    4.8   -0.3   -3.43   3.92   9.96   6.78    4.44
1964    0.2    1.3    1.2    4.5    7.9    9.4   11.1   10.5    8.8    4.4    4.0   -0.2    0.35   4.56  10.35   5.71    5.27
1965    0.4    0.3    0.7    3.4    6.8    9.2    9.7   10.0    8.2    6.8    1.3    1.1    0.14   3.63   9.68   5.42    4.85
1966    0.2    2.8    2.4    3.7    6.0   10.3   10.3   10.1    9.5    6.7    2.2    1.8    1.31   4.01  10.24   6.13    5.50
1967    1.3    2.0    3.3    3.6    5.9    8.7   11.7   11.0    9.6    7.4    1.8    0.9    1.71   4.29  10.48   6.26    5.63
1968    1.1   -1.1    2.3    3.0    5.2    9.7   10.5   11.2    9.9    9.3    3.9    0.5    0.34   3.51  10.45   7.70    5.47
1969    2.5   -2.1    0.3    2.6    6.7    8.3   11.6   11.8    9.8    8.7    1.9    0.3    0.37   3.19  10.59   6.79    5.25
1970    0.8   -0.5   -0.2    2.6    7.4   10.3   10.8   11.1    9.9    6.6    4.3    1.3    0.24   3.27  10.71   6.93    5.39
1971    1.5    1.0    1.4    3.4    6.0    8.2   11.4   11.4    8.9    6.9    2.1    3.7    1.29   3.61  10.35   5.99    5.54
1972    1.1    1.4    2.0    4.4    6.2    7.4   10.6   10.2    7.2    6.4    2.8    2.5    2.08   4.21   9.41   5.48    5.20
1973    1.7    0.7    1.5    2.6    6.7    9.5   10.9   11.4    9.7    5.2    2.2    1.4    1.65   3.61  10.64   5.71    5.33
1974    2.6    2.2    1.8    3.0    5.7    8.7   10.6   10.2    7.9    4.3    3.5    4.8    2.04   3.53   9.87   5.21    5.47
1975    3.4    1.2    1.5    4.0    5.1    8.3   12.0   12.7    8.6    5.9    2.4    1.8    3.20   3.54  11.04   5.64    5.61
1976    2.6    1.5    1.0    3.3    7.0   10.8   12.0   10.9    9.2    7.2    2.6   -0.8    1.97   3.74  11.21   6.36    5.61
1977   -0.2    1.9    3.3    2.9    5.4    7.8   10.9   10.7    9.1    7.9    3.1    3.4    0.27   3.87   9.82   6.73    5.55
1978    0.1   -0.6    2.6    2.5    6.2    8.8   10.3   10.6    9.6    7.8    4.9    1.2    1.00   3.78   9.93   7.44    5.38
1979   -3.6   -1.5    1.2    3.6    5.2    9.2   11.0   10.3    8.6    7.3    2.8    2.7   -1.27   3.30  10.17   6.23    4.76
1980   -0.8    2.4    1.2    3.7    5.4    9.3   10.1   11.3   10.5    5.0    3.6    2.1    1.43   3.44  10.25   6.35    5.32
1981    1.3   -0.3    4.6    3.5    6.8    9.1   11.0   11.2    9.8    4.5    4.0   -2.8    1.08   4.96  10.42   6.08    5.24
1982   -0.6    1.6    1.8    3.5    5.8   10.7   11.6   11.4    9.5    6.7    4.9    0.8   -0.69   3.71  11.21   7.01    5.65
1983    3.3   -1.2    2.7    2.4    6.1    9.5   13.1   11.8    9.8    6.5    4.4    2.4    1.06   3.73  11.49   6.89    5.95
1984    0.4    0.4    1.4    2.3    4.9    9.3   10.6   11.9    9.8    7.2    5.2    2.0    1.07   2.90  10.60   7.38    5.46
1985   -2.4   -1.0    0.6    4.1    6.3    8.0   11.4   10.6    9.9    7.2    0.6    3.6   -0.44   3.68  10.02   5.91    4.95
1986    0.4   -3.7    1.0    1.9    6.6    9.3   11.2    9.5    6.3    6.8    4.1    2.5    0.22   3.18  10.01   5.72    4.72
1987   -1.9    0.2    0.5    5.2    5.3    8.7   11.3   11.1    9.3    5.9    3.7    3.1    0.28   3.66  10.37   6.31    5.22
1988    2.3    1.3    2.7    3.8    6.8    9.6   10.9   10.6    9.2    7.0    1.4    4.4    2.25   4.45  10.38   5.88    5.86
1989    2.8    2.1    3.3    2.4    7.2    8.7   12.3   11.2   10.1    8.0    3.0    2.1    3.15   4.33  10.75   7.05    6.14
1990    3.4    4.1    4.2    2.7    6.7    9.2   10.8   12.6    8.3    8.4    3.8    1.5    3.14   4.53  10.89   6.86    6.32
1991    0.3   -1.7    4.0    3.6    6.4    7.9   12.4   11.8    9.4    6.6    3.2    1.3    0.07   4.67  10.74   6.42    5.49
1992    0.7    1.8    3.7    4.4    7.7   10.1   11.9   11.2    9.4    4.1    3.7    0.7    1.25   5.30  11.06   5.70    5.79
1993    2.3    2.1    2.4    5.4    6.8    9.8   10.8    9.7    8.4    4.9    1.6    2.2    1.69   4.86  10.07   4.95    5.54
1994    1.9    0.0    3.9    3.9    6.3    9.4   12.2   11.4    8.9    6.1    7.0    3.0    1.43   4.70  11.04   7.29    6.20
1995    1.1    3.1    1.2    4.2    6.3    9.0   12.8   12.6    9.3    8.9    4.3   -0.2    2.38   3.90  11.48   7.53    6.07
1996    2.2   -0.8    1.3    3.8    4.4    8.5   10.9   11.4    9.2    7.6    2.2    0.3    0.44   3.14  10.29   6.30    5.10
1997   -0.7    3.0    4.0    3.8    6.1    9.9   11.4   13.8    9.5    6.0    5.3    2.9    0.78   4.67  11.70   6.93    6.27
1998    2.1    3.5    4.2    4.0    8.0   10.2   11.2   10.8   10.7    6.9    2.5    2.2    2.81   5.41  10.77   6.72    6.38
1999    2.4    1.8    3.5    5.1    8.3    9.0   12.2   11.7   11.0    6.8    4.6    1.4    2.13   5.64  10.95   7.45    6.50
2000    1.5    2.6    3.4    3.7    7.2   10.3   10.7   11.7   10.7    6.7    3.7    3.0    1.80   4.82  10.90   7.03    6.29
2001    0.4    0.7    1.7    3.6    7.1    9.2   12.1   12.1    9.5   10.1    3.6    0.2    1.41   4.12  11.16   7.75    5.90
2002    2.3    3.4    3.4    4.2    7.6    9.8   11.2   12.5    9.6    6.1    5.5    3.5    1.93   5.05  11.17   7.06    6.60
2003    1.5    0.3    2.6    4.4    7.4   10.8   12.7   12.7    8.7    4.9    4.9    1.7    1.82   4.77  12.09   6.14    6.08
2004    2.1    2.3    2.6    5.1    7.1   10.6   11.1   13.1   10.4    7.1    4.7    2.1    2.02   4.94  11.59   7.43    6.55
2005    2.8    1.3    3.5    4.4    6.6   10.4   12.2   11.0   10.6    9.8    2.5    1.1    2.11   4.84  11.21   7.63    6.38
2006    1.6    1.0    1.4    4.3    7.6   10.4   13.4   12.0   12.3    9.4    4.4    3.5    1.24   4.42  11.96   8.74    6.81
2007    3.8    2.7    3.0    5.8    7.5   10.7   11.3   10.9    9.5    7.0    3.8    1.9    3.36   5.43  10.96   6.78    6.52
2008    3.4    1.0    2.4    3.6    8.3    9.6   11.7   12.6    9.5    5.7    4.2    0.7    2.12   4.78  11.31   6.45    6.07
2009    0.0    1.2    2.6    5.0    7.3    9.7   11.9   12.2   10.0    7.7    5.6    0.1    0.60   4.94  11.30   7.77    6.13
2010   -1.3   -0.2    2.0    3.7    5.8    9.8   12.6   11.1    9.7    6.7    2.3   -3.5   -0.45   3.81  11.21   6.25    4.92
2011    1.0    3.4    2.3    6.2    7.5    9.1   10.4   11.2   10.8    8.6    6.4    2.8    0.21   5.33  10.25   8.59    6.66
2012    2.3    0.7    3.4    3.1    7.0    9.7   11.3   12.2    8.5    6.0    3.4    1.6    1.95   4.54  11.09   5.97    5.80
2013    1.0    0.2   -0.3    2.9    5.7    9.2   12.5   12.2    9.5    9.2    3.0    2.8    0.97   2.78  11.33   7.24    5.70
2014    2.6    3.1    3.1    5.8    8.0   10.3   12.4   10.7   10.3    9.0    5.5    2.1    2.81   5.64  11.15   8.26    6.92
2015    1.2    0.8    2.5    3.8    6.6    8.9   11.2   11.6    8.1    7.1    6.3    6.7    1.38   4.31  10.58   7.15    6.27
2016    2.3    1.4    1.9    3.1    7.4   10.8   12.2   12.3   11.9    7.0    2.4    2.8    3.53   4.13  11.79   7.11    6.32
2017    0.8    3.3    4.7    4.1    8.3   11.5   12.2   11.3    9.6    9.0    3.3           2.28   5.72  11.68   7.31
