1910    1.2    2.4    4.8    4.3    8.8   11.6   11.9   12.6   10.7    8.5    1.6    4.4     ---   5.98  12.05   6.97    6.95
1911    3.5    3.1    3.2    5.7   10.4   11.8   13.8   14.1   10.6    6.7    3.7    4.3    3.70   6.45  13.23   6.98    7.60
1912    2.2    2.8    4.7    6.9    8.8   11.0   12.7   10.2    9.1    7.0    4.3    3.8    3.09   6.82  11.31   6.79    6.97
1913    2.4    3.5    3.3    5.6    8.5   11.4   12.6   12.7   10.9    8.7    6.1    3.3    3.23   5.80  12.25   8.55    7.43
1914    2.4    4.3    3.2    7.4    7.9   11.6   13.0   13.1   10.7    8.2    4.7    1.8    3.27   6.16  12.58   7.87    7.36
1915    1.8    2.1    3.2    5.7    7.4   11.2   12.0   12.7   10.8    7.3    1.7    1.8    1.88   5.40  11.98   6.58    6.48
1916    5.1    1.7    1.3    5.7    8.0    9.5   12.6   13.0   10.6    7.5    5.7    2.0    2.91   5.02  11.76   7.89    6.92
1917    0.7    1.2    1.7    3.1    8.6   11.1   13.2   13.4   11.0    5.0    5.8    1.7    1.32   4.49  12.57   7.25    6.41
1918    1.1    4.6    3.8    4.9    9.9   10.6   12.4   13.0    8.0    7.3    3.9    3.8    2.39   6.20  11.99   6.42    6.95
1919    1.8    0.2    1.1    5.2   10.3   10.7   11.8   12.1   10.0    6.8    1.1    2.6    1.97   5.54  11.54   5.97    6.18
1920    2.4    4.1    4.5    5.2    8.6   11.5   11.4   11.3   10.3    8.7    6.3    2.6    3.03   6.10  11.38   8.42    7.23
1921    4.0    3.8    4.2    6.2    8.4   11.3   13.6   11.5   10.9    9.9    3.6    4.9    3.47   6.27  12.14   8.15    7.72
1922    1.9    2.6    3.4    3.3    8.6   10.2   10.7   10.8    9.5    6.7    4.9    4.0    3.15   5.14  10.61   7.05    6.43
1923    4.6    3.2    4.7    4.8    6.2    9.7   13.4   11.7    9.5    7.2    2.1    2.3    3.95   5.25  11.63   6.28    6.65
1924    3.1    2.8    1.9    4.8    7.6   10.4   12.3   11.8   10.0    7.6    5.9    5.6    2.73   4.78  11.51   7.86    7.01
1925    3.8    2.5    3.3    5.0    8.6   11.9   13.8   12.7    9.0    8.0    2.8    0.8    4.02   5.65  12.79   6.61    6.88
1926    3.4    3.9    4.4    7.0    7.5   11.1   13.7   13.1   10.8    5.2    3.8    3.6    2.65   6.30  12.65   6.58    7.31
1927    2.9    3.3    4.9    4.9    7.2    8.9   13.5   12.9    9.5    7.8    4.3    0.6    3.24   5.69  11.80   7.21    6.76
1928    3.2    3.5    3.5    5.9    8.4    9.1   11.8   12.2    9.7    7.5    5.4    2.6    2.41   5.93  11.09   7.56    6.92
1929    0.3    0.4    5.2    4.5    8.7   10.3   12.6   11.9   11.5    6.8    4.7    3.6    1.11   6.15  11.62   7.68    6.75
1930    2.8    0.7    2.4    6.1    8.1   12.0   12.6   12.7   10.8    7.8    3.5    3.2    2.42   5.52  12.47   7.37    6.94
1931    1.9    2.0    1.8    5.4    8.7   10.2   12.6   11.7    9.7    7.3    6.1    4.9    2.37   5.30  11.53   7.71    6.89
1932    4.9    3.6    3.6    4.3    7.9   11.5   13.0   13.1    9.9    6.3    4.6    4.1    4.46   5.28  12.53   6.94    7.25
1933    1.4    2.3    5.3    6.9    9.0   12.9   14.8   13.8   12.0    8.0    4.3    2.6    2.64   7.06  13.86   8.11    7.81
1934    4.0    4.5    2.9    4.9    8.2   11.7   14.5   12.5   11.4    7.5    4.3    5.6    3.66   5.35  12.91   7.74    7.69
1935    3.5    3.1    4.9    5.4    7.9   11.4   13.3   13.4   10.3    6.9    4.4    0.9    4.12   6.07  12.70   7.19    7.14
1936    1.1    1.2    4.6    4.5    9.0   11.8   13.0   13.4   11.5    7.6    4.1    3.7    1.09   6.04  12.72   7.77    7.15
1937    3.5    2.1    1.0    6.7    9.5   11.0   12.7   13.2   10.5    7.9    4.4    1.1    3.11   5.72  12.35   7.59    6.99
1938    3.6    3.3    7.0    6.3    7.9   10.7   12.2   13.0   11.2    8.2    6.3    2.9    2.63   7.10  11.97   8.54    7.74
1939    1.3    4.3    4.2    5.8    9.1   11.7   12.3   13.6   11.5    6.5    5.7    2.6    2.76   6.41  12.53   7.89    7.40
1940   -1.0    1.4    3.5    5.7   10.2   13.5   12.0   12.2    9.5    7.7    4.7    2.8    0.97   6.47  12.57   7.29    6.86
1941   -1.1    1.0    2.4    4.3    7.4   11.6   13.4   11.9   12.5    8.0    4.7    4.3    0.87   4.70  12.29   8.41    6.72
1942    0.8    0.2    2.7    6.6    8.2   10.5   12.3   13.0   10.4    7.7    4.2    4.8    1.82   5.81  11.98   7.42    6.82
1943    2.6    4.6    5.2    7.4    8.6   11.4   12.6   11.7   10.3    8.9    4.7    3.1    3.98   7.03  11.90   7.97    7.60
1944    4.1    2.4    3.8    7.4    8.2   10.7   13.4   13.6    9.6    7.1    3.3    2.8    3.24   6.47  12.58   6.66    7.22
1945   -1.1    4.5    6.6    6.9    8.7   11.4   13.8   13.2   11.9    9.3    6.0    3.9    1.97   7.39  12.80   9.09    7.93
1946    2.1    3.3    3.8    7.1    8.7   10.6   12.8   11.6   11.2    7.2    5.4    2.1    3.07   6.51  11.67   7.95    7.17
1947    1.6   -2.4    0.2    5.6    9.7   11.7   13.4   15.4   11.2    9.0    4.5    3.4    0.53   5.17  13.53   8.21    7.00
1948    1.6    3.0    6.2    6.5    8.5   10.9   12.8   11.8   10.7    7.5    6.0    4.2    2.67   7.07  11.82   8.04    7.48
1949    3.6    4.0    3.5    7.0    8.5   11.6   13.5   13.2   12.5    9.2    5.2    3.2    3.94   6.36  12.79   8.96    7.95
1950    3.5    2.0    5.4    4.8    8.6   12.3   13.0   12.8    9.9    7.5    3.3   -0.1    2.94   6.29  12.70   6.88    6.94
1951    1.6    1.3    1.9    3.8    7.4   10.6   12.8   11.9   11.1    8.7    6.0    3.6    0.93   4.40  11.75   8.61    6.76
1952   -0.1    2.2    4.4    7.2   10.1   10.3   13.0   12.4    8.5    6.7    2.4    2.0    1.89   7.21  11.92   5.88    6.60
1953    3.3    3.6    4.8    4.5    9.7   12.0   12.5   12.8   11.7    8.6    6.5    4.7    2.94   6.36  12.43   8.97    7.93
1954    2.3    1.0    3.3    5.9    9.0   10.8   11.4   11.8    9.4    8.3    4.5    4.3    2.70   6.08  11.32   7.40    6.86
1955    0.7   -1.0    2.1    7.2    7.1   10.9   14.5   14.6   11.8    6.9    6.2    2.8    1.41   5.46  13.39   8.25    7.03
1956    1.3    0.4    4.4    4.8    9.2   10.3   12.5   10.4   11.4    7.7    5.3    4.7    1.52   6.15  11.05   8.12    6.88
1957    3.5    2.1    6.5    6.6    8.0   11.5   12.7   12.4    9.4    8.3    5.2    3.3    3.47   7.05  12.22   7.65    7.50
1958    1.3    1.5    1.3    5.5    7.4   10.9   12.9   12.8   12.6    8.8    5.2    2.5    2.06   4.71  12.22   8.89    6.93
1959   -0.4    3.0    5.1    6.5   10.0   11.8   13.3   14.0   11.7   10.1    5.5    3.4    1.66   7.24  13.05   9.13    7.88
1960    1.9    0.9    4.2    7.1   10.2   12.9   12.4   12.3   10.4    8.2    4.5    1.7    2.12   7.20  12.51   7.73    7.26
1961    1.7    4.5    6.7    6.7    8.5   10.9   11.8   12.0   11.6    8.3    4.0    0.7    2.56   7.30  11.58   7.99    7.29
1962    2.8    3.0    1.0    5.3    7.9   11.1   11.4   11.2    9.8    8.9    3.9    2.7    2.13   4.71  11.22   7.54    6.59
1963   -1.1   -1.2    4.1    5.9    7.6   11.8   12.0   11.4   10.4    8.3    4.6    2.4    0.16   5.88  11.72   7.79    6.40
1964    3.8    3.1    3.1    6.5    9.8   10.7   12.3   11.7   10.7    7.3    5.3    2.0    3.09   6.45  11.55   7.75    7.18
1965    1.3    2.4    2.9    5.7    8.5   11.5   10.5   11.6   10.1    8.6    2.2    1.7    1.87   5.69  11.23   6.97    6.44
1966    1.5    1.7    4.6    3.7    8.3   12.2   12.0   11.4   11.4    7.2    3.2    2.5    1.60   5.56  11.85   7.25    6.66
1967    2.9    3.6    4.1    5.7    7.2   11.5   12.4   12.5   11.0    7.2    4.5    3.1    3.00   5.65  12.13   7.55    7.16
1968    2.4    0.1    3.9    5.7    6.7   11.8   11.8   12.4   10.9    9.3    4.2    2.2    1.91   5.43  12.01   8.13    6.80
1969    3.1   -0.8    1.4    5.0    8.0   11.6   13.2   13.7   10.9   10.5    2.0    2.3    1.55   4.78  12.87   7.83    6.79
1970    2.0    0.2    2.0    4.0    9.6   13.1   11.2   13.2   11.0    8.0    4.3    3.2    1.52   5.24  12.50   7.78    6.86
1971    3.4    3.7    3.8    5.9    9.2    9.6   13.1   12.4   11.9    9.0    4.4    5.7    3.41   6.31  11.70   8.44    7.70
1972    2.4    2.5    4.3    6.1    8.4    9.3   12.7   11.8    9.5    8.7    3.9    4.0    3.56   6.27  11.26   7.38    6.98
1973    3.4    2.2    4.9    4.5    8.2   11.7   12.9   12.9   10.8    7.1    3.8    2.8    3.23   5.89  12.51   7.24    7.14
1974    4.1    3.6    3.8    6.5    8.8   10.8   11.6   12.3    9.1    6.0    4.3    4.8    3.50   6.32  11.56   6.48    7.16
1975    3.6    3.2    2.8    5.8    7.2   11.5   13.4   15.0    9.8    8.5    4.6    4.6    3.88   5.23  13.32   7.67    7.53
1976    3.3    3.2    3.1    6.2    8.7   12.8   14.6   14.1   10.5    8.0    4.4    0.4    3.72   6.01  13.82   7.65    7.45
1977    1.0    1.7    4.5    4.5    8.0   10.0   13.1   12.4    9.8    9.5    3.5    4.1    1.02   5.70  11.88   7.64    6.89
1978    1.1    0.0    4.1    4.4    9.8   11.0   11.6   12.3   10.9    9.5    5.9    2.4    1.77   6.14  11.64   8.74    6.95
1979   -1.0   -0.1    1.6    5.0    6.7   11.5   12.3   11.5   10.3    9.0    4.2    2.9    0.45   4.44  11.78   7.84    6.20
1980    1.3    3.3    2.3    6.9    9.2   11.2   12.0   12.7   11.5    6.4    4.4    3.9    2.47   6.10  11.98   7.43    7.09
1981    2.8    2.2    4.3    5.8    9.4   10.5   12.3   13.3   11.5    5.0    5.2   -0.7    2.97   6.50  12.02   7.18    6.80
1982    1.4    3.6    4.0    6.8    8.7   11.7   13.7   12.7   10.6    8.1    4.8    2.4    1.36   6.50  12.70   7.84    7.40
1983    4.0    0.9    4.7    4.1    7.5   10.9   15.0   14.3   10.1    7.8    5.7    4.5    2.49   5.46  13.43   7.86    7.51
1984    0.2    2.9    3.0    6.6    8.4   11.7   13.9   14.1   10.0    8.0    5.5    4.2    2.53   5.99  13.21   7.85    7.38
1985    0.2    2.0    2.7    5.7    8.3    9.9   12.7   11.5   10.5    8.8    1.9    3.5    2.12   5.59  11.39   7.09    6.51
1986    1.3   -1.2    3.4    3.6    8.4   11.7   12.3   10.5    9.3    8.3    5.4    3.2    1.28   5.19  11.50   7.69    6.42
1987    0.6    2.2    2.2    7.3    7.8    9.5   13.0   12.3   10.3    6.6    4.8    3.9    2.00   5.77  11.61   7.25    6.74
1988    2.6    2.9    3.5    5.9    9.2   12.4   12.1   12.3   10.7    7.9    4.9    5.8    3.14   6.18  12.25   7.82    7.52
1989    5.8    3.6    4.1    4.5    9.4   11.1   14.5   12.5   10.5    8.7    4.8    2.0    5.12   6.04  12.73   8.04    7.67
1990    4.1    4.0    5.8    6.0    9.8   11.0   13.3   13.5    9.9    8.6    4.5    3.1    3.34   7.20  12.61   7.68    7.82
1991    1.7    1.1    5.4    5.9    9.0    9.5   14.5   14.0   11.0    7.7    4.6    4.1    1.99   6.76  12.70   7.77    7.42
1992    3.6    4.1    4.6    5.9   10.4   12.9   12.4   11.6   10.1    5.3    4.3    2.4    3.94   6.99  12.31   6.56    7.32
1993    3.2    4.8    4.5    6.6    8.2   11.5   11.5   11.3    9.8    5.9    3.3    1.7    3.42   6.45  11.45   6.32    6.87
1994    2.4    1.2    3.7    5.3    7.7   10.7   13.8   12.2    9.8    7.5    7.5    3.9    1.77   5.56  12.25   8.28    7.18
1995    2.0    2.8    2.4    5.9    8.4   11.6   14.3   15.3   10.8    9.8    5.8    0.5    2.89   5.58  13.75   8.81    7.49
1996    3.5    1.3    2.8    6.4    6.6   11.3   12.6   13.6   11.5    8.8    3.0    1.8    1.76   5.26  12.51   7.78    6.95
1997    2.2    3.6    5.8    6.8    8.5   10.8   13.9   15.1   10.8    7.8    6.6    4.2    2.48   7.03  13.31   8.42    8.04
1998    3.2    6.3    4.8    4.8    9.6   10.4   12.1   12.5   11.8    6.8    4.2    4.0    4.51   6.45  11.71   7.62    7.58
1999    3.0    2.7    4.6    6.9    9.5   10.6   13.8   12.8   12.4    8.5    5.7    1.9    3.26   7.01  12.42   8.87    7.73
2000    3.8    3.5    5.5    5.3    9.4   10.7   12.5   13.3   11.6    7.9    4.3    3.2    3.03   6.73  12.20   7.95    7.60
2001    1.3    1.9    2.5    5.4   10.2   10.7   13.0   13.1   10.7   10.7    5.9    2.4    2.16   6.01  12.28   9.14    7.36
2002    4.2    3.6    5.0    7.0    9.5   11.9   12.6   14.0   11.8    6.8    6.1    3.5    3.39   7.17  12.84   8.23    8.02
2003    2.7    2.7    5.6    8.0    9.2   13.0   14.8   14.4   11.4    6.8    6.4    3.2    2.96   7.60  14.07   8.19    8.21
2004    3.3    3.1    4.7    7.4    9.8   12.0   12.7   14.4   11.6    7.7    6.0    4.4    3.20   7.31  13.07   8.45    8.12
2005    4.4    2.9    5.5    6.6    8.2   12.4   13.4   13.1   12.0    9.7    4.7    3.7    3.94   6.79  12.97   8.81    8.09
2006    3.3    3.0    2.4    5.7    8.8   12.7   15.6   13.3   13.3    9.9    6.1    4.4    3.35   5.65  13.86   9.74    8.23
2007    4.6    4.0    5.2    8.9    8.8   11.9   12.7   12.6   10.6    9.4    6.0    3.3    4.34   7.59  12.39   8.68    8.18
2008    3.4    4.2    3.6    5.7   10.7   11.3   14.1   13.5   11.2    7.2    4.8    2.3    3.61   6.69  12.96   7.72    7.67
2009    2.6    2.9    4.9    7.8    9.3   12.1   13.8   13.5   11.8    8.9    5.5    0.5    2.60   7.35  13.16   8.74    7.84
2010    0.3    0.4    3.8    6.6    8.3   12.6   13.2   12.5   11.3    8.1    2.8   -1.8    0.39   6.26  12.78   7.37    6.54
2011    2.1    3.7    4.5    9.1    9.2   10.7   12.7   12.2   11.9    9.5    7.7    3.1    1.28   7.61  11.88   9.69    8.06
2012    3.2    4.4    7.1    4.9    8.6   10.4   12.2   13.5   10.3    6.1    4.6    2.4    3.56   6.91  12.06   6.98    7.32
2013    2.9    2.2    1.3    4.8    8.4   11.6   15.2   13.7   11.2    9.4    4.2    5.0    2.49   4.82  13.50   8.27    7.52
2014    3.5    3.8    5.5    7.9    9.8   12.9   14.5   12.2   12.5    9.1    6.4    3.1    4.15   7.71  13.18   9.32    8.45
2015    2.5    2.9    4.4    6.3    7.6   10.6   12.2   12.9   10.8    8.7    6.2    5.4    2.87   6.08  11.92   8.58    7.58
2016    3.1    2.2    4.6    5.1    9.8   12.3   13.1   13.3   12.7    8.4    3.4    5.6    3.62   6.51  12.90   8.17    7.83
2017    3.6    4.0    5.4    6.7   10.6   12.2   12.9   12.9   11.2    9.7    4.1           4.42   7.58  12.65   8.36
