1910   -1.9   -0.6    1.3    0.9    4.6    7.1    8.0    9.4    6.8    5.3   -1.1    2.2     ---   2.27   8.19   3.68    3.53
1911    0.9    0.0    0.3    2.0    5.4    7.2    9.2   10.0    6.7    3.0    1.2    1.8    1.07   2.57   8.83   3.61    4.00
1912   -0.4   -0.1    1.8    2.5    4.6    7.7    8.9    7.0    5.5    3.3    1.7    0.8    0.43   2.99   7.88   3.50    3.62
1913    0.2    0.6    0.2    1.7    4.6    7.5    8.5    8.3    7.2    5.5    3.3    0.7    0.53   2.16   8.12   5.33    4.04
1914   -0.1    1.4    0.0    3.0    4.1    7.4    9.2    9.2    7.0    4.9    1.9   -0.7    0.64   2.38   8.59   4.59    3.95
1915   -0.5   -0.5   -0.1    1.9    2.5    6.4    8.2    9.4    7.1    3.8   -1.3   -0.5   -0.58   1.44   8.04   3.21    3.07
1916    2.5   -0.7   -1.1    2.2    4.3    6.0    9.2    9.3    7.2    4.4    3.3   -0.3    0.46   1.76   8.19   4.99    3.87
1917   -1.1   -1.5   -1.4   -0.4    4.6    6.9    8.8   10.2    7.7    2.0    3.2   -1.0   -0.94   0.94   8.62   4.27    3.19
1918   -1.7    2.3    0.6    0.8    5.9    6.3    8.5    9.9    4.5    4.4    0.9    1.3   -0.20   2.47   8.28   3.28    3.67
1919   -0.4   -2.6   -2.1    1.8    5.7    7.1    7.5    8.6    6.3    3.9   -1.6    0.3   -0.50   1.82   7.72   2.88    2.91
1920   -0.2    1.2    1.5    2.1    4.9    7.2    8.0    7.8    6.9    5.3    3.7   -0.1    0.44   2.84   7.67   5.29    4.04
1921    1.4    1.1    1.2    1.8    4.1    6.8    9.6    8.2    7.5    6.8    0.8    2.1    0.79   2.37   8.19   5.06    4.30
1922   -0.2    0.1    0.2   -0.8    4.7    6.4    7.2    7.5    5.9    3.3    2.2    1.8    0.68   1.38   7.03   3.76    3.20
1923    2.2    1.3    1.2    1.5    2.6    6.2   10.1    8.3    6.2    4.6   -0.4   -0.2    1.78   1.76   8.23   3.47    3.66
1924    0.8    0.6   -1.6    1.2    4.2    6.9    8.9    8.8    6.7    4.6    3.5    3.4    0.39   1.26   8.20   4.93    4.01
1925    1.6    0.2    0.5    1.4    5.5    7.6   10.0    9.1    5.8    5.2    0.0   -1.9    1.80   2.46   8.92   3.68    3.77
1926    1.1    1.4    1.4    3.4    3.6    7.3    9.6    9.3    7.2    2.0    1.2    1.3    0.18   2.81   8.78   3.44    4.09
1927    0.6    0.5    1.7    1.5    3.3    5.1    9.9    9.4    6.3    4.6    1.9   -1.4    0.78   2.17   8.16   4.26    3.63
1928    0.6    0.6    1.0    2.5    4.4    5.4    8.7    8.8    5.9    4.4    2.8    0.2   -0.10   2.63   7.67   4.37    3.79
1929   -2.3   -1.9    0.4    0.8    4.4    6.4    8.8    8.7    8.2    4.0    2.2    1.4   -1.32   1.87   8.00   4.78    3.45
1930    0.4   -2.2   -0.8    2.9    4.0    7.5    9.4    9.6    7.7    5.2    0.7    0.9   -0.08   2.06   8.84   4.55    3.83
1931   -0.6   -0.6   -1.6    1.9    4.9    6.9    9.6    7.9    6.2    4.2    3.8    2.6   -0.05   1.75   8.14   4.69    3.79
1932    2.0    0.7    0.5    0.6    4.4    7.1    9.7    9.4    6.7    3.4    1.9    1.7    1.79   1.83   8.77   4.00    4.03
1933   -1.3   -0.3    1.7    3.6    5.3    8.3   11.0   10.1    7.9    5.2    1.8    0.3    0.07   3.50   9.85   4.95    4.49
1934    1.5    1.9   -0.4    1.7    4.4    7.4   10.2    9.2    7.7    4.6    1.5    3.8    1.19   1.88   8.94   4.58    4.46
1935    1.1    0.5    1.7    1.8    3.2    7.8    9.0    9.7    7.0    4.0    1.8   -1.5    1.82   2.22   8.82   4.26    3.84
1936   -1.2   -1.5    1.8    0.4    4.8    7.0    9.5    9.8    8.1    4.2    1.4    1.1   -1.40   2.37   8.79   4.59    3.82
1937    1.1   -0.3   -1.9    3.4    5.1    7.2    9.1    9.4    7.1    4.8    1.6   -1.5    0.68   2.16   8.58   4.49    3.78
1938    1.1    0.5    4.2    2.4    4.0    7.3    8.6    8.8    7.6    5.4    3.9    0.4    0.01   3.55   8.25   5.64    4.55
1939   -1.3    1.7    1.1    2.2    5.1    7.0    9.0    9.9    7.9    3.1    3.1    0.3    0.21   2.81   8.63   4.70    4.10
1940   -3.8   -1.0    0.2    2.3    5.7    8.3    8.7    8.6    6.0    5.0    2.0    0.3   -1.50   2.73   8.51   4.30    3.52
1941   -3.6   -1.8   -0.9    1.1    3.3    7.2    9.7    8.4    9.1    4.9    1.8    1.8   -1.67   1.14   8.42   5.25    3.43
1942   -1.5   -2.7   -0.4    2.0    3.5    6.5    8.5   10.0    7.2    4.9    1.1    2.1   -0.75   1.69   8.37   4.39    3.47
1943    0.3    1.9    2.1    4.1    4.4    7.5    8.4    8.5    6.8    6.0    2.3    0.7    1.42   3.51   8.15   5.07    4.44
1944    1.5   -0.4    0.5    3.9    4.7    7.0   10.1    9.7    5.9    4.1    0.5    0.4    0.65   3.06   8.95   3.54    4.03
1945   -4.1    1.9    3.4    3.1    4.6    7.5   10.0    9.4    8.4    5.9    3.5    1.4   -0.68   3.71   8.99   5.93    4.60
1946   -0.7    0.7    0.5    3.1    3.9    6.8    9.5    7.9    8.3    4.1    2.8   -0.6    0.48   2.52   8.07   5.04    3.87
1947   -0.7   -4.9   -3.1    2.4    5.6    8.2    9.6   10.1    7.6    5.9    1.7    1.1   -1.96   1.61   9.34   5.08    3.69
1948   -0.8    0.3    2.2    2.7    3.5    7.3    9.1    8.8    7.5    4.5    3.1    1.8    0.23   2.78   8.40   5.03    4.18
1949    0.8    1.1    0.2    3.6    4.3    6.9    9.5    9.7    8.8    6.4    2.5    0.7    1.24   2.68   8.73   5.93    4.57
1950    1.3   -1.0    2.1    1.2    4.5    8.2    9.2    9.1    7.0    4.6    0.7   -2.5    0.38   2.63   8.83   4.10    3.73
1951   -0.7   -1.2   -1.0    0.3    3.2    6.1    9.3    8.6    7.7    5.7    3.5    1.1   -1.46   0.85   8.02   5.61    3.58
1952   -2.9   -0.7    1.4    3.1    6.1    6.7    9.1    9.1    5.2    3.7   -0.3   -0.5   -0.87   3.55   8.32   2.89    3.36
1953    1.0    0.8    0.7    0.6    5.7    8.1    9.2    9.2    8.6    5.9    4.1    2.1    0.42   2.33   8.83   6.17    4.67
1954    0.0   -1.7    0.0    1.6    5.2    7.3    8.1    8.7    5.9    5.3    1.6    1.9    0.21   2.29   8.01   4.30    3.70
1955   -1.9   -4.1   -1.2    2.9    2.9    6.8    9.4   10.2    8.2    3.5    3.6    0.1   -1.27   1.52   8.83   5.09    3.42
1956   -1.4   -2.6    1.0    0.5    5.3    6.3    9.0    7.0    8.2    4.9    2.7    2.3   -1.24   2.27   7.42   5.23    3.61
1957    0.5   -0.9    3.6    2.5    3.6    6.6    9.5    9.1    6.3    5.2    2.8    0.5    0.72   3.27   8.43   4.77    4.16
1958   -1.8   -1.5   -1.7    1.7    3.3    7.2    9.2    9.4    9.0    5.8    2.2   -0.2   -0.91   1.10   8.61   5.67    3.58
1959   -3.4   -0.3    1.9    2.9    5.4    7.8    9.6   10.3    7.1    6.7    2.8    0.9   -1.34   3.40   9.22   5.54    4.32
1960   -0.9   -2.4    1.4    3.5    5.6    8.5    8.7    8.6    6.7    5.8    1.7   -1.0   -0.76   3.50   8.62   4.76    3.88
1961   -1.0    1.7    3.5    3.3    4.4    7.3    8.6    8.6    8.3    5.7    1.2   -2.4   -0.16   3.74   8.14   5.04    4.09
1962    0.0    0.2   -2.2    1.1    4.1    6.9    7.8    8.0    7.0    6.1    1.5   -0.3   -0.79   1.03   7.58   4.88    3.37
1963   -3.8   -4.4    0.8    2.5    3.9    8.1    8.2    8.3    7.1    5.4    2.2    0.0   -2.77   2.38   8.21   4.91    3.23
1964    1.0    0.5    0.7    3.2    6.2    7.0    9.0    8.2    7.0    3.9    2.3   -0.9    0.48   3.37   8.05   4.43    4.02
1965   -1.3   -0.3   -0.5    1.6    5.0    7.9    7.2    8.1    7.2    5.4   -0.2   -0.9   -0.84   2.04   7.71   4.18    3.29
1966   -0.7   -0.7    1.7    0.7    4.0    8.9    8.2    7.8    8.6    4.0    0.6    0.0   -0.79   2.18   8.27   4.40    3.62
1967    0.8    1.3    1.5    2.1    3.8    7.0    9.0    8.9    7.7    4.5    1.5    0.7    0.70   2.48   8.32   4.58    4.10
1968   -0.2   -2.9    0.9    1.8    3.1    7.3    8.5    8.4    7.8    6.7    1.8   -0.2   -0.73   1.92   8.05   5.44    3.61
1969    0.7   -3.4   -1.5    1.0    4.5    7.1    9.5   10.2    7.7    7.6   -0.8   -0.3   -0.86   1.34   8.95   4.85    3.58
1970   -0.5   -2.8   -1.0    0.6    6.0    8.4    8.2    9.6    8.0    5.1    1.9    0.9   -1.13   1.89   8.73   5.02    3.75
1971    1.0    0.9    0.7    2.0    4.9    6.1    8.9    8.9    8.0    5.6    1.7    3.5    0.94   2.52   7.98   5.12    4.38
1972    0.5    0.0    0.8    2.6    4.9    5.7    8.4    8.1    5.5    5.2    1.0    1.2    1.35   2.79   7.43   3.91    3.68
1973    1.0   -0.8    0.9    1.1    4.5    7.6    9.2    9.0    7.5    3.7    0.9    0.1    0.52   2.20   8.60   4.07    3.76
1974    1.7    1.1    0.6    1.4    5.0    6.8    8.4    8.5    6.1    3.4    1.8    2.7    0.93   2.33   7.90   3.76    3.97
1975    0.8    0.1   -0.4    2.5    3.0    6.8    9.7   10.7    6.5    5.6    1.8    2.1    1.21   1.70   9.11   4.66    4.14
1976    0.9    0.8    0.4    2.8    5.2    8.7   10.4    8.7    7.8    5.4    1.5   -1.9    1.27   2.81   9.28   4.93    4.24
1977   -1.5   -0.8    1.7    1.5    3.7    6.0    9.1    8.4    6.8    6.8    1.0    1.7   -1.43   2.29   7.85   4.88    3.73
1978   -1.6   -3.1    1.3    1.3    5.0    7.3    8.2    9.4    8.3    6.8    3.1    0.6   -0.90   2.54   8.29   6.10    3.93
1979   -4.0   -2.8   -0.9    1.9    3.0    7.6    9.0    8.1    6.9    6.4    1.3    0.6   -2.05   1.33   8.25   4.89    3.13
1980   -1.0    0.7   -0.4    2.8    4.1    7.8    8.6    9.5    8.7    3.7    2.0    1.4    0.09   2.15   8.66   4.78    3.99
1981   -0.2   -0.5    1.3    1.4    5.3    7.2    9.0    9.3    8.1    1.9    2.5   -3.8    0.24   2.65   8.51   4.16    3.47
1982   -1.7    0.8    0.7    2.9    3.9    7.9    9.4    9.3    7.1    5.4    2.3   -0.5   -1.62   2.48   8.89   4.96    3.98
1983    1.6   -2.0    2.0    0.5    4.4    7.0   10.3   10.1    7.3    4.9    3.1    1.7   -0.24   2.33   9.15   5.08    4.28
1984   -2.4    0.5    0.4    2.0    3.5    8.0    9.5    9.5    7.1    4.9    3.4    1.6   -0.08   1.98   9.01   5.13    4.01
1985   -2.5   -1.2   -0.3    2.3    4.5    6.1    9.4    8.5    7.5    5.6   -1.0    0.9   -0.69   2.17   8.05   4.04    3.35
1986   -1.2   -3.6    0.3    0.3    5.2    7.3    9.0    7.2    5.5    5.5    2.5    0.8   -1.23   1.92   7.82   4.53    3.28
1987   -1.9   -1.1   -0.8    3.3    4.0    6.0    9.5    8.8    7.0    3.4    2.7    1.2   -0.70   2.17   8.17   4.34    3.54
1988    0.1    0.6    0.5    2.3    4.8    8.2    9.1    9.1    7.8    5.0    1.8    3.5    0.62   2.55   8.78   4.85    4.41
1989    3.2    0.7    0.9    1.1    5.0    6.8    9.8    9.2    7.0    6.0    2.1   -1.0    2.54   2.35   8.63   5.05    4.27
1990    1.6    1.5    3.1    2.0    5.2    7.5    9.3   10.2    6.7    6.2    2.1    0.5    0.66   3.44   9.01   4.99    4.67
1991   -0.9   -1.8    1.9    2.6    5.3    6.0   11.0   10.3    7.0    5.1    2.0    1.1   -0.70   3.29   9.13   4.71    4.18
1992    0.5    1.2    2.0    2.9    5.8    8.7    9.1    8.3    7.1    2.2    1.6   -0.2    0.93   3.56   8.69   3.60    4.09
1993    0.5    2.5    1.3    3.2    4.5    8.0    8.5    7.9    6.3    3.1    0.4   -0.8    0.87   3.01   8.16   3.26    3.79
1994   -0.1   -1.0    1.0    1.9    3.5    7.4    9.8    8.7    6.5    4.4    5.2    1.2   -0.62   2.11   8.64   5.35    4.06
1995   -0.8    0.2   -0.4    2.5    4.5    7.2   10.1   10.3    7.6    6.9    3.1   -2.3    0.19   2.20   9.21   5.84    4.08
1996    2.0   -1.5    0.5    3.2    2.8    7.3    8.8   10.0    7.8    6.1    0.2   -0.6   -0.58   2.13   8.71   4.71    3.89
1997   -0.6    0.8    2.8    3.2    4.5    7.2    9.8   11.0    7.2    4.6    4.6    1.9   -0.17   3.47   9.37   5.44    4.76
1998    0.6    4.1    1.9    1.6    5.7    6.9    9.1    9.3    8.6    4.1    1.4    1.2    2.13   3.09   8.46   4.68    4.55
1999    0.7    0.1    1.6    3.4    5.9    7.1    9.8    8.8    9.1    5.9    3.0   -0.6    0.71   3.65   8.60   6.00    4.60
2000    1.1    0.9    2.4    1.8    4.7    7.1    8.8    9.5    8.6    5.1    1.8    0.9    0.46   2.99   8.47   5.17    4.41
2001   -1.3   -1.0   -1.0    1.8    5.4    7.1    9.6    9.4    7.7    8.3    3.1   -0.6   -0.43   2.08   8.72   6.38    4.08
2002    1.4    0.7    1.7    3.2    5.7    8.6    9.2   10.5    8.0    3.8    3.9    1.5    0.52   3.51   9.43   5.20    4.86
2003    0.0   -0.7    1.4    3.7    5.6    9.2   11.1   10.1    7.4    3.1    3.4    0.2    0.30   3.55  10.12   4.65    4.57
2004    0.9   -0.2    1.3    4.1    5.6    8.6    9.1   11.0    8.3    4.9    3.4    1.5    0.31   3.66   9.57   5.52    4.88
2005    1.6    0.4    2.6    3.0    4.3    8.7    9.7    9.4    8.6    7.0    1.6    1.1    1.20   3.28   9.28   5.76    4.87
2006    0.7    0.1   -0.4    1.9    4.6    8.5   10.9    9.8    9.7    6.8    3.4    1.8    0.65   2.01   9.77   6.65    4.85
2007    1.9    1.3    1.8    4.5    4.8    8.4    9.3    9.1    7.3    6.0    3.4    0.3    1.70   3.69   8.95   5.57    4.86
2008    0.7    0.7    0.5    2.0    6.2    7.4   10.5   10.4    8.0    4.0    2.1   -0.6    0.56   2.90   9.44   4.68    4.33
2009   -0.1    0.4    1.6    3.9    5.0    7.8   10.0   10.2    8.8    5.9    2.8   -2.5   -0.12   3.49   9.36   5.84    4.50
2010   -2.5   -2.8    0.2    2.6    4.0    8.5    9.9    8.8    7.9    5.0    0.0   -5.1   -2.57   2.29   9.05   4.30    3.07
2011   -0.5    1.0    1.2    4.7    5.5    6.9    8.5    8.9    8.8    6.8    4.8    0.4   -1.64   3.79   8.11   6.81    4.76
2012    0.6    1.7    3.3    1.3    4.2    7.1    8.9    9.7    7.2    2.7    1.8   -0.2    0.87   2.95   8.59   3.87    4.03
2013    0.7   -1.0   -1.5    1.0    4.4    7.5   10.8   10.1    7.7    6.7    1.2    2.5   -0.12   1.28   9.50   5.21    4.22
2014    1.3    1.5    2.4    4.4    6.2    9.2   10.0    8.6    8.9    6.0    3.8    0.4    1.78   4.31   9.29   6.24    5.24
2015   -0.1    0.1    1.1    1.8    4.0    6.9    8.7    9.2    7.0    5.1    3.6    2.6    0.11   2.29   8.27   5.24    4.18
2016    0.7   -0.8    1.2    1.5    5.6    8.6    9.8    9.7    9.5    4.9    0.3    2.8    0.86   2.76   9.34   4.92    4.50
2017    0.8    1.3    1.8    3.2    6.0    8.9    9.2    9.4    8.2    6.8    1.5           1.63   3.68   9.18   5.51
