1910  152.8  153.4   87.5  149.0   85.1   57.0  118.0  184.9   48.5   90.6  147.9  151.9     ---  321.6  359.9  287.1  1426.5
1911   96.2  165.3   73.1  106.9   76.7   82.5   92.2   88.4   85.0   95.4  193.6  211.7   413.3  256.7  263.2  373.9  1366.9
1912  126.8  108.3  137.9   86.0   67.3  125.1   80.5  142.4   81.3  150.0  163.8  261.0   446.8  291.3  347.9  395.1  1530.4
1913  125.0   97.3  174.4  106.8  107.9  102.2   32.7   48.9   80.8  106.1  186.5  145.7   483.3  389.1  183.8  373.4  1314.3
1914  135.0  164.4  139.5   91.0   84.2   47.6   93.7  107.0   76.0   62.9  195.9  228.0   445.0  314.8  248.3  334.9  1425.3
1915  147.1  167.6   94.5  119.2   35.2   41.6  127.2   89.9   87.1   78.3  106.6  187.0   542.6  248.9  258.6  272.0  1281.1
1916  208.5  165.4   76.9  104.9  124.2   87.8  114.3   99.7   58.5  230.6  168.9  142.5   560.9  306.0  301.9  458.1  1582.3
1917  103.9   33.7   86.2   77.8   77.7   89.8   54.7  155.8  118.4  236.4  231.3   92.1   280.0  241.7  300.3  586.1  1357.8
1918  136.3  176.1   50.9   38.5   77.2   62.0  141.9  126.4  176.9  169.6  150.6  154.4   404.6  166.6  330.3  497.1  1460.9
1919  122.7   42.0  113.9  119.5   32.1  114.4   39.7  109.4  135.3   82.7  158.9  199.1   319.1  265.5  263.5  377.0  1269.7
1920  193.5  188.0  146.5   83.2  129.6   49.8  109.0  111.7   97.2   78.1  147.5  127.2   580.6  359.3  270.5  322.8  1461.3
1921  224.0   53.0  179.6   50.9   91.9   33.2  104.4  131.1   84.1  138.3   80.3  227.0   404.2  322.3  268.7  302.7  1397.6
1922  155.3  150.8   81.1   98.4  123.3   74.3  115.4  103.0   78.3   74.6  105.2  145.7   533.0  302.7  292.8  258.1  1305.4
1923  183.2  147.2   55.1   97.6  103.5   64.0  121.1  183.2  167.0  202.4  150.0  149.3   476.2  256.2  368.4  519.5  1623.8
1924  125.1   65.9   39.7   77.7  119.6   86.9  144.0  137.9  170.8  123.0  101.2  214.8   340.4  237.0  368.9  395.0  1406.7
1925  142.3  160.5   88.8  130.6  155.9   32.8   74.6   87.5  121.8  125.3   53.9  137.1   517.6  375.3  194.8  300.9  1311.0
1926  183.7  123.5  130.2   84.3   86.2   86.6   85.4  111.1  135.0  178.3  176.9  110.1   444.3  300.8  283.1  490.2  1491.3
1927  201.8   78.6  102.2  132.3   82.6  123.5  101.5  133.8  189.7  182.0  148.7   43.4   390.5  317.1  358.8  520.5  1520.3
1928  292.2  146.1  126.1   65.1   48.7  126.6   99.0  133.8  116.7  192.1  191.9  147.8   481.8  239.9  359.4  500.6  1686.1
1929   51.9   46.6   28.7   61.0   94.1   87.9  108.1  158.6   86.2  204.0  180.5  267.2   246.3  183.8  354.5  470.7  1374.7
1930  198.7   24.2   85.6   64.6   67.6   85.5   90.3  187.3  125.3  204.3  181.8  143.3   490.0  217.9  363.2  511.4  1458.6
1931  162.1  136.6   37.4   83.4  113.7  137.7  133.5   67.9   50.9  118.4  186.4  149.9   442.0  234.5  339.1  355.7  1377.9
1932  231.6   10.3   93.6  132.9   87.1   36.9  125.6   80.9  144.5  214.5  152.0  183.4   391.8  313.6  243.4  510.9  1493.2
1933  149.8  125.1   71.6   95.6   55.6   66.2  110.4  104.4   40.0  153.6   78.6   40.2   458.3  222.9  281.0  272.2  1091.2
1934  177.6   42.2  100.3  146.8   98.7   61.4  113.8  134.2  145.8  205.9   60.6  177.1   260.0  345.8  309.3  412.4  1464.4
1935  104.3  161.4   78.4  107.5   35.5  111.3   70.9  105.7  187.5  258.1  148.9   97.6   442.8  221.4  288.0  594.5  1467.3
1936  133.3   82.5   72.4   47.3   50.6   52.8  149.9   85.1  117.4  156.0  112.3  206.4   313.4  170.3  287.8  385.7  1266.1
1937  204.6  141.2   67.2   53.7   64.4   80.5  121.5  107.5  101.3   98.1   42.3   91.9   552.2  185.3  309.5  241.6  1174.1
1938  220.4  105.3  132.3   29.0  104.1  155.0  145.0   90.1  123.4  247.7  244.8  138.7   417.7  265.4  390.1  615.8  1735.8
1939  140.3  167.6  116.5   70.5   38.3   64.0  170.1   67.6   73.3   96.0  212.0   90.2   446.5  225.3  301.8  381.3  1306.4
1940   57.6   64.1  120.0   87.7   52.0   38.8  185.6   82.2  110.3  159.2  211.8  168.3   211.8  259.7  306.6  481.3  1337.6
1941   57.9  126.6   71.0   67.6   72.7   30.9  104.4  162.1   58.7  151.8  147.3  117.8   352.8  211.3  297.4  357.9  1168.8
1942  159.1   77.3   71.4   64.1   86.8   58.3  112.9  138.7  165.0  190.8   57.1  197.0   354.3  222.3  309.9  412.8  1378.5
1943  145.0  149.3   84.9  120.6  110.2  101.1   90.0  165.4  117.2  214.0  119.9   86.3   491.3  315.8  356.5  451.0  1503.9
1944  175.2   77.5   60.1   84.5  104.6  116.7   75.2   95.5  136.7  158.7  189.8  164.2   339.0  249.2  287.4  485.2  1438.8
1945  138.3  167.9   93.4   64.4  123.6  113.5   94.8   83.3  145.9  144.7   28.8  157.2   470.4  281.4  291.5  319.3  1355.6
1946  158.3  114.2   76.8   61.2   46.5  110.1  150.5  122.1  180.0   19.4  178.7  138.3   429.6  184.5  382.7  378.1  1356.1
1947  132.7   34.4   97.5  191.1   97.9  109.2  105.3    5.1  156.2   76.7  215.8   89.2   305.4  386.5  219.5  448.7  1311.1
1948  185.9  133.8  110.4  101.4   70.6  137.8  109.1  188.8  175.2  175.6  116.2  188.2   408.9  282.5  435.6  466.9  1692.9
1949  180.0  145.2   88.2  142.1   78.2   44.5   67.0  151.7   78.6  170.3  154.9  260.8   513.4  308.5  263.2  403.8  1561.4
1950  122.4  146.0  103.6  133.5   52.6   91.0  139.7  143.1  267.6  133.1  141.3   93.0   529.2  289.7  373.8  542.0  1566.8
1951  159.8  112.7   98.6  125.1   41.7   62.7  117.2  148.7   94.6   60.7  224.9  212.4   365.5  265.3  328.6  380.1  1459.0
1952  141.1   67.5  106.5   68.1   70.0   95.5   83.3  139.8  102.0  148.3  106.9  154.5   421.1  244.6  318.6  357.2  1283.5
1953   87.4   86.2   44.4  101.6   93.1   63.8  158.0  115.7  144.6   99.0  205.2  149.6   328.0  239.1  337.5  448.8  1348.6
1954  134.5  111.7  101.4   54.6  123.4  107.2  106.3  118.8  166.5  254.0  213.3  224.8   395.7  279.4  332.3  633.8  1716.5
1955   96.7  102.1   54.5   71.9   97.2   70.4   33.7   37.6  131.0  148.5   69.3  225.3   423.5  223.7  141.6  348.9  1138.2
1956  130.0   76.2   68.2   67.4   84.9   89.4  162.9  170.3  135.9  132.7  104.9  208.8   431.5  220.6  422.6  373.5  1431.6
1957  199.5  113.6  133.9   59.3   60.3   75.4  150.9  151.0  102.7  148.6   78.1  192.3   521.9  253.5  377.2  329.5  1465.7
1958  159.1  112.5   66.5   70.3  121.9   78.7  120.9  132.6  112.9  140.7   54.9  154.4   463.9  258.6  332.2  308.4  1325.3
1959  111.6   51.5   85.4  112.8   47.2   93.5  143.3   64.3   49.6  174.7  188.0  202.5   317.6  245.5  301.2  412.3  1324.6
1960  123.6  127.8   53.6  105.3   52.6   75.5   99.2  136.8   89.3  110.1  145.7  154.8   453.9  211.4  311.5  345.1  1274.2
1961  120.7  135.4   95.9   90.2   56.5   76.2  113.5  152.2  148.7  193.7  114.7  109.8   410.9  242.5  341.9  457.2  1407.5
1962  227.5  134.1   62.7   70.9   86.8   82.3   74.3  191.4  146.2   85.2   93.4  159.2   471.4  220.4  348.0  324.8  1414.0
1963   38.6   31.8  148.8   82.2  115.7   89.2   77.2  132.2  121.8  143.8  178.0   59.9   229.6  346.7  298.7  443.6  1219.3
1964   72.7   49.3   61.0   99.5  102.6   81.3   95.0  140.9  142.4   99.6  132.2  163.0   181.9  263.1  317.2  374.2  1239.5
1965  156.8   41.8   80.0  108.6   83.4  114.0  104.5  114.6  157.0  134.6  102.9  153.3   361.5  272.0  333.2  394.5  1351.5
1966   79.4  118.1  139.3   64.1  108.2  135.0   67.7   97.0  113.7  124.4  149.8  234.0   350.8  311.7  299.7  387.9  1430.8
1967  120.0  135.2  200.2   74.1  118.9   70.6   98.4   89.0  132.7  234.8  127.0  131.6   489.2  393.2  257.9  494.6  1532.5
1968  137.9   69.9  147.6   67.0   99.1   67.0   98.9   64.2  112.5  194.6   81.4   79.8   339.4  313.7  230.1  388.5  1220.0
1969  131.9   75.3   38.8   71.5   96.9   79.2   83.1   81.5  126.5  132.7  161.4  110.6   287.0  207.2  243.8  420.7  1189.4
1970  103.3  138.5  103.1   96.9   72.9   67.3  143.2  112.5  143.9  197.5  181.9   85.7   352.3  272.9  322.9  523.3  1446.6
1971  124.1   92.9   95.7   52.4   73.5   67.3   77.6   91.9   56.5  159.6  147.2  127.3   302.8  221.6  236.8  363.3  1166.0
1972  137.7   87.6   67.9  117.4  105.4  112.8   55.4   76.8   31.7   69.9  162.9  132.7   352.6  290.7  245.0  264.5  1158.2
1973  104.0  110.0   74.9   79.7   92.6   91.1   80.6  103.0   98.7   76.5  170.2  168.9   346.7  247.1  274.7  345.4  1250.0
1974  246.2  119.6   63.9   14.0   74.2   66.0  102.0   93.5  135.6  104.0  193.0  243.0   534.6  152.1  261.6  432.6  1455.0
1975  245.0   45.1   59.8  100.9   40.8   63.2  101.7   75.3  169.7   78.1  136.6  105.6   533.1  201.6  240.2  384.4  1222.0
1976  197.6   96.0  129.0   62.8  113.4   71.2   63.7   21.9  121.1  175.7  128.3   95.3   399.2  305.3  156.8  425.0  1276.0
1977  111.3  113.3  129.9  126.8   70.1   64.9   59.8   95.4  149.6  171.3  209.0   88.7   320.0  326.8  220.2  529.9  1390.2
1978  152.2   90.9  166.4   44.8   34.1   62.2   81.7   91.7  181.7  116.1  204.6  130.2   331.8  245.4  235.6  502.4  1356.7
1979  116.2   43.8  180.2   88.2   88.1   74.1  100.9  121.6  128.5  140.3  209.9  186.6   290.2  356.5  296.6  478.6  1478.4
1980  110.1   91.7   99.9   19.8   24.0  130.4  113.9  124.3  184.4  178.4  173.6  215.9   388.4  143.7  368.6  536.5  1466.4
1981  166.2   94.1  142.1   31.7   75.1   94.6   84.8   52.1  221.2  210.1  229.9   76.7   476.1  249.0  231.5  661.2  1478.6
1982  144.8  111.2  150.5   44.6   89.1   53.5   49.4  151.5  193.9  179.3  217.4  200.3   332.7  284.2  254.4  590.6  1585.5
1983  234.6   58.0  154.9   64.7   90.9   75.3   45.8   46.1  161.0  242.3   53.6  221.5   492.8  310.5  167.2  456.9  1448.6
1984  210.9  105.5   97.9   60.0   22.5   63.3   51.7   47.8  159.1  207.2  221.5  159.5   537.9  180.4  162.8  587.8  1406.9
1985   82.7   45.6   92.2  106.5   69.1   79.2  159.9  216.5  189.6   80.5  137.7  186.5   287.8  267.7  455.6  407.8  1445.9
1986  184.9   20.0  163.9   76.9  168.7   58.9   83.8  112.5   61.1  156.7  223.2  268.5   391.4  409.5  255.3  441.0  1579.2
1987   71.2   84.3  149.8   64.3   71.0   92.8  105.6  112.8  145.2  156.5  110.2  138.1   424.1  285.2  311.2  411.8  1301.7
1988  190.0  132.7  163.4   72.5   54.5   30.1  181.4  164.8  143.0  163.7   96.3  143.9   460.8  290.4  376.2  403.0  1536.3
1989  195.0  227.9  180.0   61.5   51.8   72.8   47.8  175.5   92.2  179.5   59.5   92.9   566.8  293.3  296.1  331.2  1436.4
1990  237.9  278.1  233.4   93.2   51.3  122.8   71.4  114.3  142.5  202.8   98.0  182.3   608.9  378.0  308.6  443.3  1828.1
1991  145.2   80.1  122.2  117.2   39.6  115.1   88.3   65.0  125.6  158.6  215.4  135.8   407.6  278.9  268.3  499.6  1407.9
1992  133.8  165.4  201.3  113.9   76.6   39.1   88.0  211.9  167.4  118.0  203.5  151.9   435.0  391.7  339.0  488.9  1670.7
1993  293.8   66.3  118.2  109.6  105.8   71.5  110.1   72.5   71.2  110.2   75.6  224.9   512.0  333.7  254.1  257.0  1429.6
1994  211.5   90.5  238.5  126.4   28.8  107.4   64.6   96.8  103.4  106.3  149.9  233.9   526.9  393.7  268.8  359.6  1558.0
1995  220.1  195.6  140.8   64.4   78.6   41.0   85.0   33.0  183.3  219.7  121.4   55.0   649.5  283.8  159.1  524.4  1438.0
1996   86.6  134.7   57.9  103.5   74.9   64.3   76.3   66.2   63.8  220.9  188.9   93.4   276.3  236.4  206.8  473.6  1231.5
1997   57.9  258.8  134.8   75.1  105.0   94.5   84.4   63.5  110.8   79.6  133.2  178.9   410.0  315.0  242.3  323.6  1376.5
1998  161.3  194.8  120.0  109.5   54.4  108.5  144.7  124.9   89.3  227.7  174.8  173.8   535.0  283.9  378.0  491.7  1683.6
1999  213.9  137.4  122.7  105.2  106.2  111.9   83.4   62.8  164.4  116.5  187.6  260.7   525.1  334.1  258.2  468.5  1672.8
2000  193.1  191.5  122.9  100.1   62.1   74.0   51.5  109.7  147.0  225.3  170.9  182.9   645.4  285.1  235.1  543.2  1631.0
2001   91.6  103.4   77.6   75.7   43.4   88.1  100.2  115.5  109.5  240.9  152.0  117.9   377.9  196.7  303.8  502.4  1315.8
2002  213.3  244.7  126.9   89.8  110.9  137.9  126.8   89.4   52.0  185.4  175.7   75.0   576.0  327.7  354.1  413.1  1627.8
2003  170.5   63.8   83.9   60.2  137.4   76.0   80.8   46.2   86.0   79.2  161.5  168.7   309.3  281.5  202.9  326.7  1214.2
2004  209.4  108.9   99.0  123.8   61.9  131.7   76.3  189.1  176.4  204.6  121.6  194.0   487.0  284.7  397.0  502.7  1696.7
2005  241.9  110.6  113.7  122.7  115.9  104.9   49.2  135.0  141.0  184.8  174.3   98.8   546.5  352.2  289.0  500.1  1592.6
2006  109.8   85.9  137.8  108.9  117.8   75.7   71.0   97.1  150.1  196.9  242.2  264.0   294.5  364.5  243.7  589.2  1657.1
2007  241.7  132.6  140.9   54.3  129.7  109.4  134.5  139.2  100.4  101.3  158.2  142.8   638.3  324.9  383.1  359.9  1585.0
2008  275.6  160.6  165.5   97.5   26.1  106.9  107.2  152.6  107.6  238.1  146.1  136.2   579.0  289.1  366.7  491.9  1720.0
2009  166.3   84.3  149.0   80.9  122.0   70.8  154.6  202.3  127.8  167.2  262.0  103.1   386.8  351.9  427.8  557.1  1690.4
2010   92.7   82.2  103.2   86.6   50.1   39.8  165.8  102.7  153.9  149.0  166.7   62.7   278.0  240.0  308.3  469.6  1255.4
2011  136.9  166.7  104.4   80.1  191.4  100.1   99.9  163.6  189.7  205.7  182.5  265.4   366.2  376.0  363.6  577.9  1886.4
2012  183.0  107.3   58.0  113.7   83.2  126.2  126.1  135.2  148.0  152.0  160.2  214.8   555.7  254.9  387.5  460.3  1607.8
2013  148.8   82.2   51.7  117.1  119.0   60.4   81.9   89.1  101.9  191.5  129.5  300.7   445.8  287.8  231.5  423.0  1473.9
2014  218.0  224.9  130.2   93.8   99.6   67.8   86.5  190.3   39.2  248.8  138.3  219.3   743.6  323.6  344.6  426.3  1756.8
2015  252.3  124.6  172.5   78.8  151.8   92.8  151.6  117.0   49.9   92.7  241.5  328.2   596.2  403.1  361.4  384.1  1853.5
2016  253.8  164.4   89.9   99.4   73.0   89.3  138.9  119.1  143.6   65.9  114.4  146.9   746.3  262.4  347.3  323.9  1498.7
2017   93.7  141.3  127.9   63.9   53.6  157.9  115.6  145.1  138.5  175.1  160.0          381.9  245.5  418.6  473.6
